0.2	1.397073997508975e-16
4.0000000000000002e-01	1.4254888689156825e-16
6.0000000000000009e-01	0.0000000000000000e+00
8.0000000000000004e-01	1.5476595775927705e-16
1.0000000000000000e+00	0.0000000000000000e+00
1.2000000000000002e+00	0.0000000000000000e+00
1.4000000000000001e+00	0.0000000000000000e+00
1.6000000000000001e+00	0.0000000000000000e+00
1.8000000000000000e+00	0.0000000000000000e+00
2.0000000000000000e+00	0.0000000000000000e+00
2.2000000000000002e+00	0.0000000000000000e+00
2.4000000000000004e+00	3.2872939831280202e-16
2.6000000000000001e+00	4.3073523575788465e-16
2.8000000000000003e+00	0.0000000000000000e+00
3.0000000000000000e+00	7.8672261990955080e-16
3.2000000000000002e+00	2.6151247268466754e-15
3.4000000000000004e+00	2.1722983422615586e-16
3.6000000000000001e+00	1.0035450713723634e-15
3.8000000000000003e+00	0.0000000000000000e+00
4.0000000000000000e+00	1.1735934080644682e-15
4.2000000000000002e+00	6.3690562528528112e-16
4.4000000000000004e+00	1.2833571516884510e-15
4.6000000000000005e+00	1.0055447000214654e-15
4.8000000000000007e+00	1.4488468263286248e-15
5.0000000000000000e+00	1.1577796641086888e-16
5.2000000000000002e+00	4.3983927879360507e-15
5.4000000000000004e+00	3.8790630454155607e-15
5.6000000000000005e+00	9.8488476420297844e-15
5.8000000000000007e+00	7.5273054723550287e-15
6.0000000000000000e+00	1.2516136542574528e-14
6.2000000000000002e+00	8.3511177943453499e-16
6.4000000000000004e+00	1.4526826800107445e-14
6.6000000000000005e+00	7.6618381457445902e-15
6.8000000000000007e+00	3.8197290915406118e-15
7.0000000000000000e+00	9.8012555436950823e-15
7.2000000000000002e+00	9.0925310054321381e-15
7.4000000000000004e+00	7.4121265612223706e-15
7.6000000000000005e+00	1.5140661305389132e-14
7.8000000000000007e+00	3.7691463980137381e-14
8.0000000000000000e+00	4.1520098560181120e-14
8.2000000000000011e+00	8.2611977650701083e-16
8.4000000000000004e+00	5.1315077819130052e-14
8.5999999999999996e+00	5.3062339539667998e-14
8.8000000000000007e+00	7.0039366437719363e-14
9.0000000000000000e+00	1.8318801116194468e-14
9.2000000000000011e+00	2.8230030136012029e-13
9.4000000000000004e+00	4.4511784882326441e-12
9.6000000000000014e+00	1.7975462318645753e-13
9.8000000000000007e+00	2.2281460782735855e-13
1.0000000000000000e+01	1.6326175619327060e-14
1.0200000000000001e+01	2.1288372410922789e-13
1.0400000000000000e+01	4.4123181456750856e-14
1.0600000000000001e+01	6.0156729287649011e-14
1.0800000000000001e+01	1.3298642806231495e-13
1.1000000000000000e+01	4.5008882210509670e-13
1.1200000000000001e+01	6.9039029337419708e-13
1.1400000000000000e+01	5.5225632076847903e-13
1.1600000000000001e+01	6.7463809073588305e-13
1.1800000000000001e+01	7.7064460361417178e-13
1.2000000000000000e+01	1.5104429999870164e-13
1.2200000000000001e+01	4.4076776073767202e-12
1.2400000000000000e+01	1.2637351391223031e-11
1.2600000000000001e+01	1.0656489941542111e-10
1.2800000000000001e+01	2.0348948917179217e-11
1.3000000000000000e+01	1.9947004115778130e-12
1.3200000000000001e+01	8.1906284457947742e-12
1.3400000000000000e+01	1.2908487421834537e-11
1.3600000000000001e+01	7.8857508453243447e-12
1.3800000000000001e+01	2.0191634219182118e-12
1.4000000000000000e+01	2.2800534523722338e-12
1.4200000000000001e+01	1.0283416436130634e-11
1.4400000000000000e+01	1.7690993832373873e-11
1.4600000000000001e+01	2.3197289283417996e-12
1.4800000000000001e+01	1.2918835319616960e-11
1.5000000000000000e+01	6.6653040878645536e-11
1.5200000000000001e+01	2.1608778179263557e-11
1.5400000000000000e+01	1.8074918533617862e-11
1.5600000000000001e+01	4.5734370636480263e-10
1.5800000000000001e+01	9.8145339393376205e-11
1.6000000000000000e+01	1.3970061902583447e-10
1.6199999999999999e+01	6.4922933651155222e-11
1.6400000000000002e+01	1.2192421261155777e-10
1.6600000000000001e+01	9.0369217020658307e-11
1.6800000000000001e+01	1.6987143262699787e-10
1.7000000000000000e+01	3.3514168386521806e-10
1.7199999999999999e+01	5.7557191896994126e-11
1.7400000000000002e+01	5.9259502285728340e-11
1.7600000000000001e+01	2.0385432320760746e-10
1.7800000000000001e+01	1.4612569705368796e-10
1.8000000000000000e+01	9.0395036293719161e-10
1.8199999999999999e+01	1.1089951596191046e-09
1.8400000000000002e+01	1.9895410060132511e-09
1.8600000000000001e+01	1.7720543393053277e-10
1.8800000000000001e+01	2.8290083665643495e-09
1.9000000000000000e+01	5.9227626935941890e-10
1.9200000000000003e+01	3.8251387834510035e-09
1.9400000000000002e+01	6.3779052115768580e-09
1.9600000000000001e+01	9.5604299605801792e-09
1.9800000000000001e+01	8.0446338720082436e-10
2.0000000000000000e+01	1.9176300629563030e-09
2.0200000000000003e+01	1.0066015990449862e-09
2.0400000000000002e+01	2.3246481822536651e-09
2.0600000000000001e+01	1.0958810305144092e-08
2.0800000000000001e+01	4.4142780031380675e-10
2.1000000000000000e+01	7.5455556171710544e-09
2.1200000000000003e+01	1.9016043081933897e-08
2.1400000000000002e+01	3.3726026554490990e-08
2.1600000000000001e+01	2.3424767922096651e-08
2.1800000000000001e+01	9.2167592201470768e-08
2.2000000000000000e+01	3.4265389476702090e-06
2.2200000000000003e+01	1.1818464230223944e-07
2.2400000000000002e+01	7.4161914671714735e-08
2.2600000000000001e+01	5.5091746548437852e-08
2.2800000000000001e+01	3.7725431302048168e-08
2.3000000000000000e+01	3.4648390431077724e-08
2.3200000000000003e+01	8.4123626949983740e-08
2.3400000000000002e+01	1.6535454297682676e-07
2.3600000000000001e+01	8.6006582552778482e-08
2.3800000000000001e+01	1.0542174812460037e-07
2.4000000000000000e+01	7.9482221121730338e-09
2.4200000000000003e+01	2.5212062575598014e-07
2.4400000000000002e+01	8.6977579749952931e-07
2.4600000000000001e+01	5.7857100758350429e-07
2.4800000000000001e+01	5.5629885787183625e-07
2.5000000000000000e+01	3.4281596843267662e-06
2.5200000000000003e+01	2.0159259789020104e-05
2.5400000000000002e+01	3.4117474274109220e-06
2.5600000000000001e+01	3.4604859249499292e-06
2.5800000000000001e+01	1.4592641819365005e-06
2.6000000000000000e+01	8.6368623097724627e-07
2.6200000000000003e+01	4.2450898182680117e-06
2.6400000000000002e+01	1.6233489780051220e-06
2.6600000000000001e+01	8.9199562761079716e-07
2.6800000000000001e+01	1.4241820762579419e-06
2.7000000000000000e+01	3.4770554259618336e-06
2.7200000000000003e+01	5.0096458017757950e-07
2.7400000000000002e+01	8.7547930746605727e-06
2.7600000000000001e+01	1.7337673561415631e-05
2.7800000000000001e+01	1.0935572102242741e-05
2.8000000000000000e+01	2.0054597378033126e-06
2.8200000000000003e+01	4.0859209410082560e-05
2.8400000000000002e+01	1.7608691315792590e-04
2.8600000000000001e+01	2.7087360299782092e-05
2.8800000000000001e+01	7.0295794727410834e-07
2.9000000000000000e+01	6.2675075192811993e-06
2.9200000000000003e+01	6.9799174268613446e-06
2.9400000000000002e+01	1.3160003236519538e-05
2.9600000000000001e+01	4.8323608826492677e-05
2.9800000000000001e+01	4.3817604111593931e-05
3.0000000000000000e+01	2.3605005506909837e-05
3.0200000000000003e+01	5.7678325455227295e-05
3.0400000000000002e+01	1.5107572980282698e-04
3.0600000000000001e+01	3.1925300847950359e-04
3.0800000000000001e+01	1.8982948418521547e-04
3.1000000000000000e+01	4.2538694629091936e-04
3.1200000000000003e+01	1.7238594503897417e-03
3.1400000000000002e+01	1.1180035304115214e-02
3.1600000000000001e+01	1.4511971187670073e-03
3.1800000000000001e+01	1.8831210764477967e-04
3.2000000000000000e+01	1.4370491565099403e-03
3.2200000000000003e+01	1.0624707675764170e-03
3.2399999999999999e+01	7.2715648140443559e-04
3.2600000000000001e+01	6.1016057361435003e-04
3.2800000000000004e+01	6.1432168328369506e-04
3.3000000000000000e+01	1.6388563588594649e-03
3.3200000000000003e+01	1.4860781387178430e-03
3.3399999999999999e+01	4.0687765224358731e-04
3.3600000000000001e+01	2.7301802191757015e-03
3.3800000000000004e+01	2.7752511634805744e-03
3.4000000000000000e+01	9.0063440884973756e-03
3.4200000000000003e+01	3.1952443751445052e-03
3.4399999999999999e+01	6.3997697930961772e-02
3.4600000000000001e+01	6.0277472767005368e-02
3.4800000000000004e+01	1.0043448080478783e-02
3.5000000000000000e+01	5.7948597896589887e-03
3.5200000000000003e+01	1.4945785863399169e-02
3.5399999999999999e+01	5.4969054553279037e-03
3.5600000000000001e+01	1.4824746113634157e-02
3.5800000000000004e+01	5.1727379717547489e-03
3.6000000000000000e+01	1.0661189917813359e-03
3.6200000000000003e+01	5.3803112785704276e-03
3.6399999999999999e+01	2.9207181613411185e-02
3.6600000000000001e+01	5.1132122143517566e-03
3.6800000000000004e+01	4.3522778256056049e-02
3.7000000000000000e+01	2.0009938045981143e-01
3.7200000000000003e+01	1.7294282132093422e-01
3.7399999999999999e+01	1.8674950707419682e-01
3.7600000000000001e+01	2.1795635982856446e-01
3.7800000000000004e+01	6.7875058457243542e-01
3.8000000000000000e+01	7.1792798698102267e-01
3.8200000000000003e+01	3.4560905381757473e-01
3.8400000000000006e+01	1.0413395353513455e+00
3.8600000000000001e+01	2.4444176793122749e-01
3.8800000000000004e+01	2.7842201823115381e-01
3.9000000000000000e+01	1.9288459711785548e-02
3.9200000000000003e+01	1.6052643127112365e-01
3.9400000000000006e+01	1.5414247040089151e+00
3.9600000000000001e+01	1.3662254665061617e+00
3.9800000000000004e+01	7.0074908588449414e-01
4.0000000000000000e+01	2.4795123815936013e+00
4.0200000000000003e+01	1.3749439133426518e+00
4.0400000000000006e+01	1.7841355348470500e+00
4.0600000000000001e+01	7.9127897499844044e+00
4.0800000000000004e+01	8.7712402212406360e+01
4.1000000000000000e+01	2.6183495862379853e+01
4.1200000000000003e+01	8.1035495096100014e+00
4.1400000000000006e+01	1.0135652514799775e+01
4.1600000000000001e+01	1.0840652835752487e+00
4.1800000000000004e+01	2.1004405632481479e+01
4.2000000000000000e+01	2.9328873956047063e-01
4.2200000000000003e+01	1.8472434145150556e+00
4.2400000000000006e+01	2.2355661949194307e+01
4.2600000000000001e+01	1.6621635191830372e+01
4.2800000000000004e+01	2.3702601982501999e+01
4.3000000000000000e+01	7.0497700612673975e-01
4.3200000000000003e+01	4.2685446863538317e+01
4.3400000000000006e+01	3.6071897069756609e+01
4.3600000000000001e+01	2.7100807261888683e+01
4.3800000000000004e+01	1.9652358305508324e+02
4.4000000000000000e+01	8.9664296071166333e+01
4.4200000000000003e+01	6.4472494504056601e+02
4.4400000000000006e+01	3.4726499324249482e+02
4.4600000000000001e+01	1.1249554531716566e+02
4.4800000000000004e+01	1.7406838671605814e+02
4.5000000000000000e+01	4.9651811935591056e+01
4.5200000000000003e+01	1.2888968075051756e+02
4.5400000000000006e+01	2.1664821971625963e+02
4.5600000000000001e+01	5.1248053214699712e+02
4.5800000000000004e+01	2.6904092835789521e+02
4.6000000000000000e+01	4.6209142866623057e+02
4.6200000000000003e+01	2.0394968519633387e+03
4.6400000000000006e+01	5.7325075095841112e+02
4.6600000000000001e+01	2.6888529821743327e+03
4.6800000000000004e+01	9.8688660217175384e+03
4.7000000000000000e+01	1.0997295988762266e+04
4.7200000000000003e+01	3.9305348130741950e+04
4.7400000000000006e+01	8.9285014653535382e+03
4.7600000000000001e+01	5.7404465257779466e+03
4.7800000000000004e+01	6.4821898304065744e+03
4.8000000000000000e+01	4.6251890762926627e+02
4.8200000000000003e+01	4.1313249417684410e+03
4.8400000000000006e+01	4.6141363886153777e+03
4.8600000000000001e+01	7.5318898981305556e+03
4.8800000000000004e+01	5.4292893028715016e+03
4.9000000000000000e+01	8.7888085618468649e+03
4.9200000000000003e+01	6.8311080574897151e+03
4.9400000000000006e+01	3.2297238045635666e+04
4.9600000000000001e+01	5.2752109994835337e+04
4.9800000000000004e+01	3.7472982047482845e+04
5.0000000000000000e+01	5.8731678920008846e+04
5.0200000000000003e+01	1.6748746149189776e+05
5.0400000000000006e+01	6.0936657346495151e+04
5.0600000000000001e+01	1.0739189953066950e+05
5.0800000000000004e+01	5.5036019258247397e+04
5.1000000000000000e+01	2.5389338695647089e+04
5.1200000000000003e+01	3.0989803004590946e+05
5.1400000000000006e+01	1.9039629121272298e+05
5.1600000000000001e+01	1.6807176981811062e+05
5.1800000000000004e+01	6.8241836143607434e+04
5.2000000000000000e+01	2.1779292862432500e+05
5.2200000000000003e+01	5.8168389204907964e+05
5.2400000000000006e+01	1.9405688342426188e+05
5.2600000000000001e+01	1.4924702170449297e+06
5.2800000000000004e+01	3.9110414793972101e+05
5.3000000000000000e+01	1.2910562506056656e+06
5.3200000000000003e+01	4.0781063770948267e+06
5.3400000000000006e+01	7.8062450449742451e+07
5.3600000000000001e+01	4.3290300751962038e+06
5.3800000000000004e+01	1.0722976589839605e+06
5.4000000000000000e+01	3.6240573957079011e+06
5.4200000000000003e+01	1.6323650165841067e+06
5.4400000000000006e+01	7.8833436242324382e+05
5.4600000000000001e+01	1.7469390642733083e+05
5.4800000000000004e+01	3.1322574372246815e+05
5.5000000000000000e+01	4.9439191882537426e+06
5.5200000000000003e+01	2.9228945248214132e+05
5.5400000000000006e+01	1.3022124532264329e+07
5.5600000000000001e+01	3.3269428070777911e+06
5.5800000000000004e+01	1.9504979817244720e+07
5.6000000000000000e+01	2.2567804847854613e+06
5.6200000000000003e+01	2.8821023466164313e+07
5.6400000000000006e+01	9.5584920617413342e+07
5.6600000000000001e+01	3.9675574036981627e+07
5.6800000000000004e+01	3.5825270919314162e+06
5.7000000000000000e+01	3.7055944528355878e+06
5.7200000000000003e+01	1.0199904319552869e+08
5.7400000000000006e+01	1.0685803406273429e+08
5.7600000000000001e+01	3.1518500526550379e+07
5.7800000000000004e+01	1.3407312880392479e+07
5.8000000000000000e+01	1.2416656420758621e+08
5.8200000000000003e+01	1.2051103040056658e+08
5.8400000000000006e+01	1.5628295223043114e+08
5.8600000000000001e+01	5.3953699224546067e+07
5.8800000000000004e+01	4.4067810922853553e+08
5.9000000000000000e+01	3.9084234473278022e+08
5.9200000000000003e+01	2.6268018947561669e+08
5.9400000000000006e+01	3.5681452674095887e+08
5.9600000000000001e+01	3.4729524533843651e+09
5.9800000000000004e+01	3.7684255714312778e+09
6.0000000000000000e+01	6.7745761152989912e+08
6.0200000000000003e+01	1.3832772265860286e+09
6.0400000000000006e+01	5.2134042122623670e+08
6.0600000000000001e+01	8.2451593927273941e+08
6.0800000000000004e+01	3.3722225359440565e+08
6.1000000000000000e+01	1.3379344085898101e+09
6.1200000000000003e+01	3.9252260151287470e+09
6.1400000000000006e+01	3.6165901643378577e+09
6.1600000000000001e+01	3.3318949672097058e+09
6.1800000000000004e+01	5.6147678119776821e+09
6.2000000000000000e+01	9.0419195347685738e+09
6.2200000000000003e+01	4.3863197025629797e+09
6.2400000000000006e+01	2.4573373319829803e+09
6.2600000000000001e+01	3.7541146229008148e+10
6.2800000000000004e+01	2.4760510956400391e+11
6.3000000000000000e+01	1.6154281953885471e+11
6.3200000000000003e+01	7.0304918826005421e+09
6.3400000000000006e+01	6.9916596753505661e+10
6.3600000000000001e+01	4.1432210840571775e+09
6.3800000000000004e+01	3.4026119184753647e+09
6.4000000000000000e+01	4.3405480711455528e+10
6.4200000000000003e+01	1.4062252282509409e+10
6.4400000000000006e+01	7.5577472445479721e+10
6.4600000000000009e+01	8.7827134490352615e+10
6.4799999999999997e+01	5.1667383153217133e+10
6.5000000000000000e+01	3.8733267023738922e+10
6.5200000000000003e+01	1.9520058812209381e+10
6.5400000000000006e+01	1.8280692110183359e+11
6.5600000000000009e+01	7.1239252602445935e+11
6.5799999999999997e+01	9.8655764050218555e+11
6.6000000000000000e+01	7.4052536359138721e+11
6.6200000000000003e+01	1.4598000750398491e+12
6.6400000000000006e+01	4.5736947351058728e+11
6.6600000000000009e+01	1.5660599547735583e+11
6.6799999999999997e+01	1.5358768034851147e+11
6.7000000000000000e+01	9.8600048065471838e+11
6.7200000000000003e+01	1.7123819849753970e+11
6.7400000000000006e+01	4.1787386359146509e+11
6.7600000000000009e+01	2.4525983930110649e+12
6.7799999999999997e+01	1.0469327217604835e+12
6.8000000000000000e+01	3.5852228169458979e+12
6.8200000000000003e+01	4.0247817378810779e+11
6.8400000000000006e+01	8.7290309568141467e+11
6.8600000000000009e+01	7.1236670001813369e+12
6.8799999999999997e+01	1.4465069056312992e+13
6.9000000000000000e+01	1.3809314150529492e+13
6.9200000000000003e+01	1.5233496935200512e+14
6.9400000000000006e+01	1.1132660612179814e+13
6.9600000000000009e+01	1.7322257047477727e+13
6.9799999999999997e+01	1.5869065643151893e+13
7.0000000000000000e+01	7.3032610593375850e+12
7.0200000000000003e+01	3.7544398771833516e+13
7.0400000000000006e+01	3.5826752829349719e+13
7.0600000000000009e+01	3.2524528497185672e+13
7.0799999999999997e+01	3.6485433338075117e+13
7.1000000000000000e+01	5.7649362273169773e+13
7.1200000000000003e+01	1.1451734852820206e+14
7.1400000000000006e+01	3.4382380469982574e+13
7.1600000000000009e+01	9.1363584353593496e+12
7.1799999999999997e+01	1.0893631792527006e+14
7.2000000000000000e+01	2.2235870501263609e+13
7.2200000000000003e+01	3.8424261790910130e+15
7.2400000000000006e+01	8.1164331872268212e+14
7.2600000000000009e+01	1.0216900410695631e+14
7.2799999999999997e+01	6.5507271700950562e+13
7.3000000000000000e+01	9.4544636861090638e+14
7.3200000000000003e+01	4.9109320446888244e+14
7.3400000000000006e+01	4.2439016217295544e+14
7.3600000000000009e+01	4.4301879929493469e+14
7.3799999999999997e+01	1.3348975356377858e+14
7.4000000000000000e+01	1.1482493842681645e+15
7.4200000000000003e+01	1.6646844593550682e+15
7.4400000000000006e+01	1.2701370990698125e+15
7.4600000000000009e+01	4.9912917555705494e+14
7.4799999999999997e+01	3.8953469717325660e+15
7.5000000000000000e+01	1.3776994202292672e+16
7.5200000000000003e+01	2.6151777971677605e+15
7.5400000000000006e+01	9.9400836661542864e+16
7.5600000000000009e+01	1.1993200600723528e+16
7.5799999999999997e+01	3.5411552083569060e+15
7.6000000000000000e+01	1.8217643428716170e+15
7.6200000000000003e+01	1.3716380382996128e+15
7.6400000000000006e+01	1.3665255457862170e+16
7.6600000000000009e+01	4.8465735157812990e+15
7.6800000000000011e+01	1.2828859743133468e+16
7.7000000000000000e+01	5.9523473522016780e+15
7.7200000000000003e+01	1.5318601465995258e+16
7.7400000000000006e+01	8.0930999150058475e+14
7.7600000000000009e+01	1.0734645493380218e+16
7.7800000000000011e+01	6.6664745047095504e+16
7.8000000000000000e+01	8.1206414997989744e+16
7.8200000000000003e+01	4.0774494425603744e+16
7.8400000000000006e+01	7.9265580139939904e+17
7.8600000000000009e+01	5.2101868355383085e+17
7.8800000000000011e+01	3.8999829729052589e+17
7.9000000000000000e+01	1.4204022809064502e+17
7.9200000000000003e+01	2.4881511179596518e+17
7.9400000000000006e+01	9.6123707954440528e+16
7.9600000000000009e+01	4.3127501738135144e+16
7.9800000000000011e+01	4.8139164368775152e+16
8.0000000000000000e+01	1.3063589055846397e+17
8.0200000000000003e+01	2.3138296874162221e+17
8.0400000000000006e+01	1.1303069774846669e+18
8.0600000000000009e+01	5.0263646878728166e+17
8.0800000000000011e+01	4.1198151191687302e+17
8.1000000000000000e+01	1.9942530079541171e+17
8.1200000000000003e+01	7.3485000027118694e+17
8.1400000000000006e+01	5.0510313851191290e+17
8.1600000000000009e+01	1.2351279409609886e+19
8.1800000000000011e+01	1.6342670998119145e+19
8.2000000000000000e+01	1.4979238513262748e+19
8.2200000000000003e+01	2.8949661892634348e+18
8.2400000000000006e+01	1.8077255211863368e+18
8.2600000000000009e+01	4.3760315541923159e+18
8.2800000000000011e+01	3.6671391907815199e+18
8.3000000000000000e+01	4.2120862367169075e+18
8.3200000000000003e+01	9.6524810659355354e+17
8.3400000000000006e+01	3.0348395119191977e+18
8.3600000000000009e+01	2.3901310952045048e+19
8.3800000000000011e+01	9.4980192229779702e+18
8.4000000000000000e+01	2.3026774936753373e+19
8.4200000000000003e+01	3.7983358716787900e+19
8.4400000000000006e+01	8.8365343202429026e+19
8.4600000000000009e+01	7.3740925994596188e+19
8.4800000000000011e+01	1.1635556619484024e+20
8.5000000000000000e+01	3.1384854590769693e+20
8.5200000000000003e+01	1.9650275882319269e+20
8.5400000000000006e+01	2.7163555220603208e+19
8.5600000000000009e+01	8.3756858836779633e+18
8.5800000000000011e+01	6.3372764088624513e+19
8.6000000000000000e+01	4.6933573148765848e+19
8.6200000000000003e+01	2.0555547257063649e+19
8.6400000000000006e+01	5.0723768333420780e+18
8.6600000000000009e+01	2.0313924074728938e+20
8.6800000000000011e+01	2.4917285406362570e+20
8.7000000000000000e+01	3.1654096023022482e+20
8.7200000000000003e+01	8.9609880413000067e+20
8.7400000000000006e+01	3.3709786020633942e+20
8.7600000000000009e+01	2.2797740354534855e+21
8.7800000000000011e+01	1.0665291766549336e+22
8.8000000000000000e+01	1.6082706262402437e+22
8.8200000000000003e+01	6.5856907403733951e+21
8.8400000000000006e+01	4.5528450557699225e+21
8.8600000000000009e+01	1.1820048760160696e+21
8.8800000000000011e+01	2.1786403666466903e+21
8.9000000000000000e+01	3.1504401114305287e+21
8.9200000000000003e+01	1.4419066783274178e+21
8.9400000000000006e+01	1.1624005711860848e+21
8.9600000000000009e+01	3.2338636983128996e+21
8.9800000000000011e+01	5.7751757893745078e+21
9.0000000000000000e+01	6.2367689686998592e+21
9.0200000000000003e+01	1.2989321938026034e+22
9.0400000000000006e+01	3.2564955321269530e+22
9.0600000000000009e+01	5.1695254015945313e+22
9.0800000000000011e+01	7.7232287582124927e+21
9.1000000000000000e+01	1.6533822309946423e+23
9.1200000000000003e+01	6.0682479844628021e+22
9.1400000000000006e+01	9.3818457469726782e+22
9.1600000000000009e+01	4.0983015859062663e+22
9.1800000000000011e+01	1.9869332351362831e+22
9.2000000000000000e+01	1.3477970133794494e+22
9.2200000000000003e+01	4.9348441405821439e+20
9.2400000000000006e+01	5.8027714747820589e+22
9.2600000000000009e+01	2.2990375169986614e+23
9.2800000000000011e+01	5.0283794621087728e+21
9.3000000000000000e+01	4.5824637544999793e+22
9.3200000000000003e+01	2.8535739464264307e+23
9.3400000000000006e+01	2.6144939815059465e+22
9.3600000000000009e+01	1.9682948346867586e+23
9.3800000000000011e+01	2.5897173051465738e+23
9.4000000000000000e+01	3.2291266426453687e+24
9.4200000000000003e+01	2.0196152246549969e+24
9.4400000000000006e+01	5.7689423809578623e+24
9.4600000000000009e+01	2.5180154803497017e+24
9.4800000000000011e+01	2.9504595820227031e+24
9.5000000000000000e+01	1.4225386070636883e+24
9.5200000000000003e+01	1.8638897380945708e+23
9.5400000000000006e+01	2.2184512395796399e+23
9.5600000000000009e+01	2.7483545998730466e+24
9.5800000000000011e+01	5.6298674098328887e+23
9.6000000000000000e+01	2.4044941372470397e+24
9.6200000000000003e+01	3.2331129423063764e+24
9.6400000000000006e+01	5.4041510491719501e+24
9.6600000000000009e+01	1.1111947595830472e+25
9.6800000000000011e+01	5.3260828896625751e+24
9.7000000000000000e+01	1.5397790082870394e+25
9.7200000000000003e+01	2.7668354706868946e+24
9.7400000000000006e+01	9.6660831983312183e+26
9.7600000000000009e+01	5.9972817318510340e+25
9.7800000000000011e+01	1.6938650769191320e+25
9.8000000000000000e+01	6.5090083141851812e+25
9.8200000000000003e+01	7.2366143424659814e+25
9.8400000000000006e+01	2.3343585337158801e+25
9.8600000000000009e+01	3.0095927149029264e+25
9.8800000000000011e+01	6.9890314015698371e+24
9.9000000000000000e+01	3.8096023051648706e+25
9.9200000000000003e+01	1.9062367110742287e+24
9.9400000000000006e+01	7.3758085229591451e+25
9.9600000000000009e+01	4.9227236841394197e+24
9.9800000000000011e+01	2.8392825047020690e+26
1.0000000000000000e+02	7.2664047691678093e+24
1.0020000000000000e+02	3.0551738631709090e+26
1.0040000000000001e+02	2.0761967211682289e+27
1.0060000000000001e+02	2.0400954765768183e+27
1.0080000000000001e+02	1.9371556761356542e+27
1.0100000000000000e+02	4.2096983791063557e+26
1.0120000000000000e+02	1.2354928083924673e+27
1.0140000000000001e+02	3.4150663541424691e+26
1.0160000000000001e+02	8.7737750510619883e+26
1.0180000000000001e+02	2.3632624523625907e+26
1.0200000000000000e+02	9.5658089341347698e+26
1.0220000000000000e+02	1.2560091454430806e+27
1.0240000000000001e+02	7.1883501432496251e+26
1.0260000000000001e+02	1.8892173455886889e+27
1.0280000000000001e+02	5.7175612480491137e+26
1.0300000000000000e+02	3.9526589467401221e+27
1.0320000000000000e+02	7.9531321170178438e+26
1.0340000000000001e+02	7.4675408760655900e+27
1.0360000000000001e+02	9.7691589785284677e+27
1.0380000000000001e+02	3.4538500954045195e+28
1.0400000000000000e+02	6.1025595465855111e+28
1.0420000000000000e+02	4.9789225917292058e+27
1.0440000000000001e+02	3.4397002137556381e+28
1.0460000000000001e+02	3.6677047939710881e+28
1.0480000000000001e+02	2.0593447377122114e+28
1.0500000000000000e+02	2.4518747871802467e+28
1.0520000000000000e+02	2.8344516338497285e+28
1.0540000000000001e+02	7.2072996473020676e+28
1.0560000000000001e+02	9.7264178906391048e+28
1.0580000000000001e+02	1.1642437607222349e+29
1.0600000000000000e+02	1.3721282729526540e+29
1.0620000000000000e+02	4.9332005521414603e+29
1.0640000000000001e+02	6.0920026528555755e+29
1.0660000000000001e+02	1.9603334834127363e+30
1.0680000000000001e+02	6.6032399657176803e+31
1.0700000000000000e+02	5.6803818421597782e+30
1.0720000000000000e+02	4.4400641508081537e+30
1.0740000000000001e+02	4.5716523876084461e+30
1.0760000000000001e+02	4.5667568829917666e+30
1.0780000000000001e+02	6.3413856617854896e+30
1.0800000000000000e+02	8.2360441071944304e+30
1.0820000000000000e+02	1.0820753048204773e+31
1.0840000000000001e+02	1.5357320710171196e+31
1.0860000000000001e+02	2.4148654314389057e+31
1.0880000000000001e+02	3.8233883183934432e+31
1.0900000000000000e+02	6.0175260690486052e+31
1.0920000000000000e+02	9.8719431927700034e+31
1.0940000000000001e+02	1.8462142389930406e+32
1.0960000000000001e+02	4.2069760970981720e+32
1.0980000000000001e+02	1.3595596385241648e+33
1.1000000000000000e+02	6.8364269191715306e+33
1.1020000000000000e+02	1.7937037371972896e+33
1.1040000000000001e+02	1.4669858584212791e+33
1.1060000000000001e+02	1.5213029297908345e+33
1.1080000000000001e+02	1.7483895779471504e+33
1.1100000000000000e+02	2.1797170020684167e+33
1.1120000000000000e+02	2.8913434861953921e+33
1.1140000000000001e+02	3.9378554118422712e+33
1.1160000000000001e+02	5.6367727118209722e+33
1.1180000000000001e+02	8.3963157045600880e+33
1.1200000000000000e+02	1.3044071032168303e+34
1.1220000000000000e+02	2.1260795187480117e+34
1.1240000000000001e+02	3.7085971829828908e+34
1.1260000000000001e+02	7.1582498277267590e+34
1.1280000000000001e+02	1.6697645337307344e+35
1.1300000000000000e+02	7.2154404419681635e+35
1.1320000000000000e+02	9.7924057260123471e+35
1.1340000000000001e+02	4.8108526840897589e+35
1.1360000000000001e+02	4.2538280960227366e+35
1.1380000000000001e+02	4.5265819416314067e+35
1.1400000000000000e+02	5.3206094469569062e+35
1.1420000000000000e+02	6.6741779816453666e+35
1.1440000000000001e+02	8.8018536389477842e+35
1.1460000000000001e+02	1.2119121972702733e+36
1.1480000000000001e+02	1.7364633105387993e+36
1.1500000000000000e+02	2.5896359757892112e+36
1.1520000000000000e+02	4.0388537941846312e+36
1.1540000000000001e+02	6.6486912258123798e+36
1.1560000000000001e+02	1.1778538974754114e+37
1.1580000000000001e+02	2.3455172282365089e+37
1.1600000000000000e+02	5.9743556518746713e+37
1.1620000000000000e+02	5.1493419228432698e+38
1.1640000000000001e+02	1.7700592246892298e+38
1.1660000000000001e+02	1.1376017108963291e+38
1.1680000000000001e+02	1.0687164440735317e+38
1.1700000000000000e+02	1.1658803897455803e+38
1.1720000000000000e+02	1.3860657403589915e+38
1.1740000000000001e+02	1.7498348060612602e+38
1.1760000000000001e+02	2.3162045209475180e+38
1.1780000000000001e+02	3.1959269460703408e+38
1.1800000000000000e+02	4.5884526412376264e+38
1.1820000000000000e+02	6.8652263328123524e+38
1.1840000000000001e+02	1.0761711831568316e+39
1.1860000000000001e+02	1.7883269740507273e+39
1.1880000000000001e+02	3.2272131532330273e+39
1.1900000000000000e+02	6.6997664451878591e+39
1.1920000000000000e+02	1.9471937081806830e+40
1.1940000000000001e+02	2.5203581625217918e+41
1.1960000000000001e+02	3.1643035811386780e+40
1.1980000000000001e+02	2.3725371499353954e+40
1.2000000000000000e+02	2.3329730775443186e+40
1.2020000000000000e+02	2.5968406875124433e+40
1.2040000000000001e+02	3.1194470702824706e+40
1.2060000000000001e+02	3.9605707331533602e+40
1.2080000000000001e+02	5.2611984693388568e+40
1.2100000000000000e+02	7.2790825808708615e+40
1.2120000000000000e+02	1.0479918623712802e+41
1.2140000000000001e+02	1.5741315754187677e+41
1.2160000000000001e+02	2.4838673586972886e+41
1.2180000000000001e+02	4.1768160883248139e+41
1.2200000000000000e+02	7.7169777111427529e+41
1.2220000000000000e+02	1.6937871041463854e+42
1.2240000000000001e+02	6.1297526270900002e+42
1.2260000000000001e+02	1.3355618545228509e+43
1.2280000000000001e+02	5.2692559328551192e+42
1.2300000000000000e+02	4.3695592605932520e+42
1.2320000000000000e+02	4.4523700286480291e+42
1.2340000000000001e+02	5.0401094923088039e+42
1.2360000000000001e+02	6.1097591275843693e+42
1.2380000000000001e+02	7.7991150794796277e+42
1.2400000000000000e+02	1.0398039399802641e+43
1.2420000000000000e+02	1.4430177058248344e+43
1.2440000000000001e+02	2.0847692572647377e+43
1.2460000000000001e+02	3.1470478054554825e+43
1.2480000000000001e+02	5.0067166872918275e+43
1.2500000000000000e+02	8.5446500671974614e+43
1.2520000000000000e+02	1.6266822805371788e+44
1.2540000000000001e+02	3.8559691284633874e+44
1.2560000000000001e+02	2.1798979619447744e+45
1.2580000000000001e+02	1.4095621418396561e+45
1.2600000000000000e+02	8.0053733107315801e+44
1.2620000000000000e+02	7.1276738340915444e+44
1.2640000000000001e+02	7.4726983559270477e+44
1.2660000000000001e+02	8.5814961633101076e+44
1.2680000000000001e+02	1.0488037129078255e+45
1.2700000000000000e+02	1.3457216557295256e+45
1.2720000000000000e+02	1.8009672723912234e+45
1.2740000000000001e+02	2.5081202161888931e+45
1.2760000000000001e+02	3.6388172800820963e+45
1.2780000000000001e+02	5.5266969231593968e+45
1.2800000000000000e+02	8.8816034394854867e+45
1.2820000000000002e+02	1.5438005781334242e+46
1.2840000000000001e+02	3.0544651922080965e+46
1.2859999999999999e+02	8.0956992312321084e+46
1.2880000000000001e+02	4.2660704676625095e+48
1.2900000000000000e+02	1.5995093221550806e+47
1.2920000000000002e+02	1.1012036662988214e+47
1.2940000000000001e+02	1.0336916419438540e+47
1.2959999999999999e+02	1.1093379286063670e+47
1.2980000000000001e+02	1.2899081914715546e+47
1.3000000000000000e+02	1.5882895093308442e+47
1.3020000000000002e+02	2.0481995475493585e+47
1.3040000000000001e+02	2.7520785065149487e+47
1.3059999999999999e+02	3.8480506159806797e+47
1.3080000000000001e+02	5.6108543230275979e+47
1.3100000000000000e+02	8.5851732175380210e+47
1.3120000000000002e+02	1.3966857703270578e+48
1.3140000000000001e+02	2.4835239598849486e+48
1.3159999999999999e+02	5.1683155300162279e+48
1.3180000000000001e+02	1.6325131342695804e+49
1.3200000000000000e+02	6.1181436506067966e+49
1.3220000000000002e+02	1.7620051717375289e+49
1.3240000000000001e+02	1.3687160828089887e+49
1.3259999999999999e+02	1.3383699818957611e+49
1.3280000000000001e+02	1.4646503378812983e+49
1.3300000000000000e+02	1.7218613213072534e+49
1.3320000000000002e+02	2.1349040741516173e+49
1.3340000000000001e+02	2.7668288123252689e+49
1.3359999999999999e+02	3.7335862780411127e+49
1.3380000000000001e+02	5.2442404659185215e+49
1.3400000000000000e+02	7.6919183699880505e+49
1.3420000000000002e+02	1.1874036155727039e+50
1.3440000000000001e+02	1.9606422999856532e+50
1.3459999999999999e+02	3.5866279218676317e+50
1.3480000000000001e+02	7.9900940856189051e+50
1.3500000000000000e+02	3.4725449426419485e+51
1.3520000000000002e+02	3.7207410993245421e+51
1.3540000000000001e+02	1.8220437852764422e+51
1.3559999999999999e+02	1.5380601219245865e+51
1.3580000000000001e+02	1.5536950616641634e+51
1.3600000000000000e+02	1.7288306957458029e+51
1.3620000000000002e+02	2.0525268248564692e+51
1.3640000000000001e+02	2.5615956152999131e+51
1.3659999999999999e+02	3.3364819886337869e+51
1.3680000000000001e+02	4.5230302144588300e+51
1.3700000000000000e+02	6.3859956589519647e+51
1.3720000000000002e+02	9.4314303741115595e+51
1.3740000000000001e+02	1.4713267211172292e+52
1.3759999999999999e+02	2.4735831706633046e+52
1.3780000000000001e+02	4.6899940520675691e+52
1.3800000000000000e+02	1.1499483489140812e+53
1.3820000000000002e+02	1.1690364232492901e+54
1.3840000000000001e+02	2.7856643628475522e+53
1.3859999999999999e+02	1.7451802309656019e+53
1.3880000000000001e+02	1.5656095398772109e+53
1.3900000000000000e+02	1.6241067757848143e+53
1.3920000000000002e+02	1.8334318885549704e+53
1.3940000000000001e+02	2.1962790704467483e+53
1.3959999999999999e+02	2.7582578605622235e+53
1.3980000000000001e+02	3.6110242968685565e+53
1.4000000000000000e+02	4.9196495118466828e+53
1.4020000000000002e+02	6.9867303243437222e+53
1.4040000000000001e+02	1.0401816198996234e+54
1.4059999999999999e+02	1.6430704757779320e+54
1.4080000000000001e+02	2.8235026916471578e+54
1.4100000000000000e+02	5.6058831032694263e+54
1.4120000000000002e+02	1.5876728361894963e+55
1.4140000000000001e+02	1.2749911655621585e+56
1.4159999999999999e+02	2.1238811064976292e+55
1.4180000000000001e+02	1.5400338266688285e+55
1.4200000000000000e+02	1.4473688568158209e+55
1.4220000000000002e+02	1.5350974808911498e+55
1.4240000000000001e+02	1.7550912089570806e+55
1.4259999999999999e+02	2.1198802475641897e+55
1.4280000000000001e+02	2.6786277344556446e+55
1.4300000000000000e+02	3.5253027687342185e+55
1.4320000000000002e+02	4.8289853000468426e+55
1.4340000000000001e+02	6.9035386150001256e+55
1.4359999999999999e+02	1.0374161377381873e+56
1.4380000000000001e+02	1.6631239517161873e+56
1.4400000000000000e+02	2.9358402761592493e+56
1.4420000000000002e+02	6.1945560184031807e+56
1.4440000000000001e+02	2.2357573123274304e+57
1.4459999999999999e+02	3.8595369520215538e+57
1.4480000000000001e+02	1.5636247635972728e+57
1.4500000000000000e+02	1.2500372793196169e+57
1.4520000000000002e+02	1.2188351184007584e+57
1.4540000000000001e+02	1.3172964029405901e+57
1.4559999999999999e+02	1.5232602396442306e+57
1.4580000000000001e+02	1.8541660011665567e+57
1.4600000000000000e+02	2.3570547517468801e+57
1.4620000000000002e+02	3.1191815839305393e+57
1.4640000000000001e+02	4.2981091801096086e+57
1.4659999999999999e+02	6.1908390370237448e+57
1.4680000000000001e+02	9.4042768280841362e+57
1.4700000000000000e+02	1.5344243942114734e+58
1.4720000000000002e+02	2.8006687658552754e+58
1.4740000000000001e+02	6.4234822772063101e+58
1.4759999999999999e+02	3.8858883158264841e+59
1.4780000000000001e+02	1.9372348715060092e+59
1.4800000000000000e+02	1.0887433454178581e+59
1.4820000000000002e+02	9.3354690942879278e+58
1.4840000000000001e+02	9.3784172148023008e+58
1.4859999999999999e+02	1.0302474542588509e+59
1.4880000000000001e+02	1.2036460990984291e+59
1.4900000000000000e+02	1.4759413847632476e+59
1.4920000000000002e+02	1.8876031449717421e+59
1.4940000000000001e+02	2.5124317657355738e+59
1.4959999999999999e+02	3.4846771215594523e+59
1.4980000000000001e+02	5.0620355354988721e+59
1.5000000000000000e+02	7.7867745286158700e+59
1.5020000000000002e+02	1.2975998531773055e+60
1.5040000000000001e+02	2.4706255599882037e+60
1.5059999999999999e+02	6.3952270686228784e+60
1.5080000000000001e+02	4.5956839880520404e+62
1.5100000000000000e+02	1.0559999881485936e+61
1.5120000000000002e+02	7.1051514634346959e+60
1.5140000000000001e+02	6.4228836652528149e+60
1.5159999999999999e+02	6.6145077120423041e+60
1.5180000000000001e+02	7.3709104215666110e+60
1.5200000000000000e+02	8.6933004542783568e+60
1.5220000000000002e+02	1.0735774048386422e+61
1.5240000000000001e+02	1.3814252645310285e+61
1.5259999999999999e+02	1.8500243247700328e+61
1.5280000000000001e+02	2.5844534521754091e+61
1.5300000000000000e+02	3.7907300944760922e+61
1.5320000000000002e+02	5.9172515798469837e+61
1.5340000000000001e+02	1.0115416498764763e+62
1.5360000000000002e+02	2.0343732698089456e+62
1.5380000000000001e+02	6.3793806484579530e+62
1.5400000000000000e+02	1.8438622748301732e+63
1.5420000000000002e+02	5.7321149280660818e+62
1.5440000000000001e+02	4.3289876068659645e+62
1.5460000000000002e+02	4.0785666522992070e+62
1.5480000000000001e+02	4.2894371331995503e+62
1.5500000000000000e+02	4.8412691873173933e+62
1.5520000000000002e+02	5.7603524154984482e+62
1.5540000000000001e+02	7.1631078498594817e+62
1.5560000000000002e+02	9.2749102509598974e+62
1.5580000000000001e+02	1.2502882483750673e+63
1.5600000000000000e+02	1.7605958086498433e+63
1.5620000000000002e+02	2.6108919513843674e+63
1.5640000000000001e+02	4.1462095855352669e+63
1.5660000000000002e+02	7.3128540441095142e+63
1.5680000000000001e+02	1.5827438258551476e+64
1.5700000000000000e+02	7.1065228106198378e+64
1.5720000000000002e+02	6.0904915856889621e+64
1.5740000000000001e+02	3.0032923195743275e+64
1.5760000000000002e+02	2.4592243135377587e+64
1.5780000000000001e+02	2.3955350473928762e+64
1.5800000000000000e+02	2.5654246750164681e+64
1.5820000000000002e+02	2.9290039586164329e+64
1.5840000000000001e+02	3.5141632138591528e+64
1.5860000000000002e+02	4.3998850625789576e+64
1.5880000000000001e+02	5.7339606871882114e+64
1.5900000000000000e+02	7.7843510537796254e+64
1.5920000000000002e+02	1.1059038654934135e+65
1.5940000000000001e+02	1.6607693811450260e+65
1.5960000000000002e+02	2.6914996856194551e+65
1.5980000000000001e+02	4.9355976703364760e+65
1.6000000000000000e+02	1.1844126640595342e+66
1.6020000000000002e+02	1.5764674083830829e+67
1.6040000000000001e+02	2.4215668727200110e+66
1.6060000000000002e+02	1.4982456841150279e+66
1.6080000000000001e+02	1.3027124942129639e+66
1.6100000000000000e+02	1.3044114774150527e+66
1.6120000000000002e+02	1.4192406472339532e+66
1.6140000000000001e+02	1.6375590292728782e+66
1.6160000000000002e+02	1.9803963722932439e+66
1.6180000000000001e+02	2.4965255771050809e+66
1.6200000000000000e+02	3.2754808846238826e+66
1.6220000000000002e+02	4.4808863733728921e+66
1.6240000000000001e+02	6.4291613568054972e+66
1.6260000000000002e+02	9.7955655151002467e+66
1.6280000000000001e+02	1.6264704267060171e+67
1.6300000000000000e+02	3.1343173417638933e+67
1.6320000000000002e+02	8.7936511724864334e+67
1.6340000000000001e+02	4.9121926877412255e+68
1.6360000000000002e+02	9.9524723089155782e+67
1.6380000000000001e+02	7.0711084664166100e+67
1.6400000000000000e+02	6.4405043575425558e+67
1.6420000000000002e+02	6.6003960762644425e+67
1.6440000000000001e+02	7.2832847000259728e+67
1.6460000000000002e+02	8.4862636012476140e+67
1.6480000000000001e+02	1.0342203299566892e+68
1.6500000000000000e+02	1.3127772934376218e+68
1.6520000000000002e+02	1.7346311043389189e+68
1.6540000000000001e+02	2.3928392472798552e+68
1.6560000000000002e+02	3.4715727526627570e+68
1.6580000000000001e+02	5.3787049370311340e+68
1.6600000000000000e+02	9.1966295412928798e+68
1.6620000000000002e+02	1.8916540695180484e+69
1.6640000000000001e+02	6.9378609456408811e+69
1.6660000000000002e+02	9.6585781153136456e+69
1.6680000000000001e+02	4.0333711915738421e+69
1.6700000000000000e+02	3.1480673161987910e+69
1.6720000000000002e+02	2.9757178035911210e+69
1.6740000000000001e+02	3.1109804725166799e+69
1.6760000000000002e+02	3.4766606583478090e+69
1.6780000000000001e+02	4.0882832787538485e+69
1.6800000000000000e+02	5.0200541861377919e+69
1.6820000000000002e+02	6.4171317616999842e+69
1.6840000000000001e+02	8.5431596410677622e+69
1.6860000000000002e+02	1.1892920916707559e+70
1.6880000000000001e+02	1.7472146542458248e+70
1.6900000000000000e+02	2.7605469744761254e+70
1.6920000000000002e+02	4.8932681750690901e+70
1.6940000000000001e+02	1.1005704877331953e+71
1.6960000000000002e+02	7.3984054875856371e+71
1.6980000000000001e+02	2.8148937590304470e+71
1.7000000000000000e+02	1.5802444551641431e+71
1.7020000000000002e+02	1.3206618201681718e+71
1.7040000000000001e+02	1.2869368488547443e+71
1.7060000000000002e+02	1.3690287773138211e+71
1.7080000000000001e+02	1.5477558502880891e+71
1.7100000000000000e+02	1.8359990647779688e+71
1.7120000000000002e+02	2.2713144375647652e+71
1.7140000000000001e+02	2.9245263547379362e+71
1.7160000000000002e+02	3.9247822994810447e+71
1.7180000000000001e+02	5.5189249186481659e+71
1.7200000000000000e+02	8.2243342831523907e+71
1.7220000000000002e+02	1.3297698553917954e+72
1.7240000000000001e+02	2.4662221620811585e+72
1.7260000000000002e+02	6.3183417638360870e+72
1.7280000000000001e+02	1.2006024740324582e+74
1.7300000000000000e+02	8.9251726925030320e+72
1.7320000000000002e+02	5.9293417784109751e+72
1.7340000000000001e+02	5.2206644829736850e+72
1.7360000000000002e+02	5.2188156118073457e+72
1.7380000000000001e+02	5.6378087244797018e+72
1.7400000000000000e+02	6.4423121167545460e+72
1.7420000000000002e+02	7.7064879188310973e+72
1.7440000000000001e+02	9.6050437182822279e+72
1.7460000000000002e+02	1.2460800444679959e+73
1.7480000000000001e+02	1.6867496643413424e+73
1.7500000000000000e+02	2.3984762759269135e+73
1.7520000000000002e+02	3.6330311157283742e+73
1.7540000000000001e+02	6.0384886778136170e+73
1.7560000000000002e+02	1.1872684921936188e+74
1.7580000000000001e+02	3.7500490493671153e+74
1.7600000000000000e+02	8.5926879612393591e+74
1.7620000000000002e+02	2.8590819947989475e+74
1.7640000000000001e+02	2.1206992478853643e+74
1.7660000000000002e+02	1.9458567142670711e+74
1.7680000000000001e+02	1.9880274848696443e+74
1.7700000000000000e+02	2.1774988774134118e+74
1.7720000000000002e+02	2.5132069111947995e+74
1.7740000000000001e+02	3.0309993123837288e+74
1.7760000000000002e+02	3.8062716843219295e+74
1.7780000000000001e+02	4.9770321505647456e+74
1.7800000000000000e+02	6.8003226653105979e+74
1.7820000000000002e+02	9.7909623469917434e+74
1.7840000000000001e+02	1.5112928754379884e+75
1.7860000000000002e+02	2.5975126493265495e+75
1.7880000000000001e+02	5.5228214491710500e+75
1.7900000000000000e+02	2.6184153652144732e+76
1.7920000000000002e+02	1.8009536148062302e+76
1.7940000000000001e+02	8.9933751408007655e+75
1.7960000000000002e+02	7.2138733211929688e+75
1.7980000000000001e+02	6.8449923787628067e+75
1.8000000000000000e+02	7.1269847943015240e+75
1.8020000000000002e+02	7.9048317945596230e+75
1.8040000000000001e+02	9.2101295502067435e+75
1.8060000000000002e+02	1.1197059749794835e+76
1.8080000000000001e+02	1.4169476372207981e+76
1.8100000000000000e+02	1.8682725663482183e+76
1.8120000000000002e+02	2.5788097673576538e+76
1.8140000000000001e+02	3.7653185941996830e+76
1.8160000000000002e+02	5.9413925178016051e+76
1.8180000000000001e+02	1.0644299004727519e+77
1.8200000000000000e+02	2.5275846463765258e+77
1.8220000000000002e+02	5.3758032569057987e+78
1.8240000000000001e+02	4.4513591905048166e+77
1.8260000000000002e+02	2.7412082576223819e+77
1.8280000000000001e+02	2.3318202152205088e+77
1.8300000000000000e+02	2.2752845083309364e+77
1.8320000000000002e+02	2.4088930982942213e+77
1.8340000000000001e+02	2.7028385458212333e+77
1.8360000000000002e+02	3.1777227568312819e+77
1.8380000000000001e+02	3.8941162519441786e+77
1.8400000000000000e+02	4.9669670620074218e+77
1.8420000000000002e+02	6.6073175506652189e+77
1.8440000000000001e+02	9.2226720680196950e+77
1.8460000000000002e+02	1.3681747119550196e+78
1.8480000000000001e+02	2.2158310950504002e+78
1.8500000000000000e+02	4.1846156233994616e+78
1.8520000000000002e+02	1.1766119685365512e+79
1.8540000000000001e+02	4.8769839922077704e+79
1.8560000000000002e+02	1.1457604896214999e+79
1.8580000000000001e+02	8.0417570727805609e+78
1.8600000000000000e+02	7.1619183024154166e+78
1.8620000000000002e+02	7.1561612735734680e+78
1.8640000000000001e+02	7.6902838170670394e+78
1.8660000000000002e+02	8.7219604524357652e+78
1.8680000000000001e+02	1.0344298077585240e+79
1.8700000000000000e+02	1.2777810988090337e+79
1.8720000000000002e+02	1.6432409894318547e+79
1.8740000000000001e+02	2.2067839046563785e+79
1.8760000000000002e+02	3.1185873323881358e+79
1.8780000000000001e+02	4.7113204490708932e+79
1.8800000000000000e+02	7.8725375574870609e+79
1.8820000000000002e+02	1.5932932946821897e+80
1.8840000000000001e+02	6.0283655482522815e+80
1.8860000000000002e+02	6.8366532177680261e+80
1.8880000000000001e+02	2.9455354714506148e+80
1.8900000000000000e+02	2.2626601166585965e+80
1.8920000000000002e+02	2.0910100445546037e+80
1.8940000000000001e+02	2.1326475037600353e+80
1.8960000000000002e+02	2.3230025951395764e+80
1.8980000000000001e+02	2.6614410956326135e+80
1.9000000000000000e+02	3.1835041899120696e+80
1.9020000000000002e+02	3.9642764172713875e+80
1.9040000000000001e+02	5.1420518752742378e+80
1.9060000000000002e+02	6.9766941247436792e+80
1.9080000000000001e+02	9.9960681663387490e+80
1.9100000000000000e+02	1.5422391798937005e+81
1.9120000000000002e+02	2.6775091629269095e+81
1.9140000000000001e+02	5.9598720083314290e+81
1.9160000000000002e+02	4.6553376198168977e+82
1.9180000000000001e+02	1.3168044534606411e+82
1.9200000000000000e+02	7.4248019603249146e+81
1.9220000000000002e+02	6.0951391085092331e+81
1.9240000000000001e+02	5.8075573724658598e+81
1.9260000000000002e+02	6.0308788661073478e+81
1.9280000000000001e+02	6.6510482456067585e+81
1.9300000000000000e+02	7.6937812084419766e+81
1.9320000000000002e+02	9.2806615320587364e+81
1.9340000000000001e+02	1.1652349509609017e+82
1.9360000000000002e+02	1.5251686916506063e+82
1.9380000000000001e+02	2.0925623354458124e+82
1.9400000000000000e+02	3.0449586994783393e+82
1.9420000000000002e+02	4.8150916742212489e+82
1.9440000000000001e+02	8.7695492931531453e+82
1.9460000000000002e+02	2.2449112406681128e+83
1.9480000000000001e+02	2.3110638925116331e+84
1.9500000000000000e+02	2.7538836816540249e+83
1.9520000000000002e+02	1.8180840102650375e+83
1.9540000000000001e+02	1.5708248853010193e+83
1.9560000000000002e+02	1.5358308217708315e+83
1.9580000000000001e+02	1.6206783360756266e+83
1.9600000000000000e+02	1.8079799590004697e+83
1.9620000000000002e+02	2.1108871573808463e+83
1.9640000000000001e+02	2.5676683408033533e+83
1.9660000000000002e+02	3.2512903297227159e+83
1.9680000000000001e+02	4.2967465251137715e+83
1.9700000000000000e+02	5.9678186008253917e+83
1.9720000000000002e+02	8.8378633685791532e+83
1.9740000000000001e+02	1.4390813301087910e+84
1.9760000000000002e+02	2.7879663335211527e+84
1.9780000000000001e+02	8.9711748083846459e+84
1.9800000000000000e+02	1.6598651536867876e+85
1.9820000000000002e+02	5.8679838098158982e+84
1.9840000000000001e+02	4.3031212665170900e+84
1.9860000000000002e+02	3.8726586327993786e+84
1.9880000000000001e+02	3.8713232863192784e+84
1.9900000000000000e+02	4.1447340960534479e+84
1.9920000000000002e+02	4.6737864858725974e+84
1.9940000000000001e+02	5.5061283676793662e+84
1.9960000000000002e+02	6.7541857138408528e+84
1.9980000000000001e+02	8.6280612645712292e+84
2.0000000000000000e+02	1.1520587797313384e+85
2.4790606856821868e-16
0.0000000000000000e+00
