desc: I1 cache:         32768 B, 64 B, 8-way associative
desc: D1 cache:         32768 B, 64 B, 8-way associative
desc: LL cache:         2097152 B, 64 B, 8-way associative
cmd: ./a.out 0 1000 100000
events: Ir I1mr ILmr Dr D1mr DLmr Dw D1mw DLmw 
fl=/usr/src/debug////////glibc-2.24-33-ge9e69e4/elf/../sysdeps/x86_64/dl-trampoline.h
fn=_dl_runtime_resolve_sse
163 12 1 1 0 0 0 12 0 0
166 12 0 0 0 0 0 0 0 0
168 12 0 0 0 0 0 0 0 0
170 12 0 0 0 0 0 0 0 0
173 12 0 0 0 0 0 12 1 1
174 12 0 0 0 0 0 12 0 0
175 12 1 1 0 0 0 12 0 0
176 12 0 0 0 0 0 12 0 0
177 12 0 0 0 0 0 12 0 0
178 12 0 0 0 0 0 12 0 0
179 12 0 0 0 0 0 12 0 0
180 12 0 0 0 0 0 12 2 1
181 12 0 0 0 0 0 12 0 0
182 12 0 0 0 0 0 12 0 0
183 12 0 0 0 0 0 12 0 0
184 12 0 0 0 0 0 12 1 1
185 12 1 1 0 0 0 12 0 0
186 12 0 0 0 0 0 12 0 0
187 12 0 0 0 0 0 12 0 0
192 12 0 0 0 0 0 0 0 0
193 12 0 0 0 0 0 0 0 0
194 12 0 0 0 0 0 0 0 0
195 12 0 0 0 0 0 0 0 0
209 12 0 0 12 0 0 0 0 0
210 12 0 0 12 0 0 0 0 0
211 12 0 0 0 0 0 12 1 1
212 12 1 1 0 0 0 0 0 0
217 12 0 0 0 0 0 0 0 0
218 12 0 0 0 0 0 0 0 0
219 12 0 0 0 0 0 0 0 0
220 12 0 0 0 0 0 0 0 0
233 12 0 0 12 0 0 0 0 0
234 12 0 0 12 0 0 0 0 0
235 12 0 0 12 0 0 0 0 0
236 12 1 1 12 0 0 0 0 0
237 12 0 0 12 0 0 0 0 0
238 12 0 0 12 0 0 0 0 0
239 12 0 0 12 0 0 0 0 0
240 12 0 0 12 0 0 0 0 0
241 12 0 0 12 0 0 0 0 0
242 12 0 0 12 0 0 0 0 0
243 12 0 0 12 0 0 0 0 0
244 12 0 0 12 0 0 0 0 0
245 12 0 0 12 0 0 0 0 0
246 12 0 0 12 0 0 0 0 0
247 12 1 1 12 0 0 0 0 0
249 12 0 0 0 0 0 0 0 0
251 12 0 0 12 0 0 0 0 0
255 12 0 0 0 0 0 0 0 0
258 12 0 0 0 0 0 0 0 0
fl=/usr/src/debug////////glibc-2.24-33-ge9e69e4/io/../sysdeps/unix/syscall-template.S
fn=__write_nocancel
84 5 0 0 1 0 0 0 0 0
fn=access
84 4 1 1 0 0 0 0 0 0
86 5 0 0 1 0 0 1 0 0
fn=close
84 24 1 1 0 0 0 0 0 0
85 6 0 0 6 0 0 0 0 0
fn=open
84 24 1 1 0 0 0 0 0 0
85 6 0 0 6 0 0 0 0 0
fn=read
84 20 1 1 0 0 0 0 0 0
85 5 0 0 5 0 0 0 0 0
fn=write
84 2 1 1 1 0 0 0 0 0
fl=/usr/src/debug////////glibc-2.24-33-ge9e69e4/math/../sysdeps/x86_64/fpu/multiarch/s_ceil.S
fn=ceil
25 1 1 1 1 0 0 0 0 0
26 1 0 0 0 0 0 0 0 0
27 1 1 1 1 0 0 0 0 0
28 1 0 0 0 0 0 0 0 0
30 1 0 0 1 0 0 0 0 0
fl=/usr/src/debug////////glibc-2.24-33-ge9e69e4/math/../sysdeps/x86_64/fpu/multiarch/s_ceilf.S
fn=ceilf
25 1 1 1 1 0 0 0 0 0
26 1 0 0 0 0 0 0 0 0
27 1 0 0 1 0 0 0 0 0
28 1 0 0 0 0 0 0 0 0
30 1 0 0 1 0 0 0 0 0
fl=/usr/src/debug////////glibc-2.24-33-ge9e69e4/math/../sysdeps/x86_64/fpu/multiarch/s_floor.S
fn=floor
25 1 1 1 1 0 0 0 0 0
26 1 0 0 0 0 0 0 0 0
27 1 0 0 1 0 0 0 0 0
28 1 0 0 0 0 0 0 0 0
30 1 0 0 1 0 0 0 0 0
fl=/usr/src/debug////////glibc-2.24-33-ge9e69e4/math/../sysdeps/x86_64/fpu/multiarch/s_floorf.S
fn=floorf
25 1 1 1 1 0 0 0 0 0
26 1 0 0 0 0 0 0 0 0
27 1 1 1 1 0 0 0 0 0
28 1 0 0 0 0 0 0 0 0
30 1 0 0 1 0 0 0 0 0
fl=/usr/src/debug////////glibc-2.24-33-ge9e69e4/math/../sysdeps/x86_64/fpu/multiarch/s_rint.S
fn=rint
25 1 1 1 1 0 0 0 0 0
26 1 0 0 0 0 0 0 0 0
27 1 1 1 1 0 0 0 0 0
28 1 0 0 0 0 0 0 0 0
30 1 0 0 1 0 0 0 0 0
fl=/usr/src/debug////////glibc-2.24-33-ge9e69e4/math/../sysdeps/x86_64/fpu/multiarch/s_rintf.S
fn=rintf
25 1 1 1 1 0 0 0 0 0
26 1 0 0 0 0 0 0 0 0
27 1 0 0 1 0 0 0 0 0
28 1 0 0 0 0 0 0 0 0
30 1 1 1 1 0 0 0 0 0
fl=/usr/src/debug////////glibc-2.24-33-ge9e69e4/misc/../sysdeps/unix/syscall-template.S
fn=mprotect
84 48 1 1 0 0 0 0 0 0
85 12 0 0 12 0 0 0 0 0
fn=munmap
84 4 1 1 0 0 0 0 0 0
85 1 0 0 1 0 0 0 0 0
fl=/usr/src/debug////////glibc-2.24-33-ge9e69e4/posix/../sysdeps/unix/syscall-template.S
fn=uname
84 4 1 1 0 0 0 0 0 0
85 1 0 0 1 0 0 0 0 0
fl=/usr/src/debug////////glibc-2.24-33-ge9e69e4/setjmp/../sysdeps/x86_64/bsd-_setjmp.S
fn=_setjmp
30 1 1 1 0 0 0 0 0 0
32 1 0 0 0 0 0 0 0 0
fl=/usr/src/debug////////glibc-2.24-33-ge9e69e4/setjmp/../sysdeps/x86_64/setjmp.S
fn=__sigsetjmp
26 14 2 2 0 0 0 14 0 0
35 14 0 0 0 0 0 0 0 0
36 28 0 0 14 0 0 0 0 0
37 14 0 0 0 0 0 14 0 0
41 14 0 0 0 0 0 14 0 0
42 14 0 0 0 0 0 14 0 0
43 14 0 0 0 0 0 14 0 0
44 14 0 0 0 0 0 14 0 0
45 14 0 0 0 0 0 0 0 0
47 28 1 1 14 0 0 0 0 0
49 14 0 0 0 0 0 14 0 0
50 14 0 0 14 0 0 0 0 0
51 14 0 0 0 0 0 0 0 0
53 28 1 1 14 0 0 0 0 0
55 14 0 0 0 0 0 14 0 0
59 13 0 0 0 0 0 0 0 0
60 13 0 0 13 0 0 0 0 0
63 1 0 0 0 0 0 0 0 0
fl=/usr/src/debug////////glibc-2.24-33-ge9e69e4/string/../sysdeps/x86_64/memcmp.S
fn=bcmp
24 24 1 1 0 0 0 0 0 0
25 24 0 0 0 0 0 0 0 0
26 24 0 0 0 0 0 0 0 0
27 24 0 0 0 0 0 0 0 0
28 24 0 0 0 0 0 0 0 0
29 24 0 0 0 0 0 0 0 0
30 24 0 0 0 0 0 0 0 0
31 24 0 0 0 0 0 0 0 0
34 24 0 0 0 0 0 0 0 0
35 24 0 0 0 0 0 0 0 0
36 8 0 0 8 1 1 0 0 0
37 8 1 1 8 3 3 0 0 0
38 8 0 0 0 0 0 0 0 0
39 8 0 0 0 0 0 0 0 0
40 8 0 0 0 0 0 0 0 0
41 8 0 0 0 0 0 0 0 0
42 8 0 0 0 0 0 0 0 0
44 23 0 0 0 0 0 0 0 0
45 23 0 0 0 0 0 0 0 0
46 7 0 0 7 0 0 0 0 0
47 7 0 0 7 0 0 0 0 0
48 7 0 0 0 0 0 0 0 0
49 7 0 0 0 0 0 0 0 0
50 7 0 0 0 0 0 0 0 0
51 7 0 0 0 0 0 0 0 0
52 7 0 0 0 0 0 0 0 0
54 23 0 0 0 0 0 0 0 0
55 23 0 0 0 0 0 0 0 0
56 7 1 1 7 1 1 0 0 0
57 7 0 0 7 0 0 0 0 0
58 7 0 0 0 0 0 0 0 0
59 7 0 0 0 0 0 0 0 0
60 1 0 0 0 0 0 0 0 0
61 1 0 0 0 0 0 0 0 0
62 1 0 0 0 0 0 0 0 0
64 17 0 0 0 0 0 0 0 0
65 17 0 0 0 0 0 0 0 0
66 9 0 0 9 0 0 0 0 0
67 9 0 0 9 2 2 0 0 0
68 9 0 0 0 0 0 0 0 0
69 9 0 0 0 0 0 0 0 0
74 8 0 0 8 1 1 0 0 0
75 8 0 0 8 1 1 0 0 0
76 8 0 0 0 0 0 0 0 0
77 8 0 0 0 0 0 0 0 0
78 8 0 0 0 0 0 0 0 0
79 8 0 0 0 0 0 0 0 0
80 8 0 0 0 0 0 0 0 0
81 5 0 0 0 0 0 0 0 0
82 5 0 0 0 0 0 0 0 0
83 5 0 0 5 0 0 0 0 0
84 5 0 0 5 0 0 0 0 0
85 5 0 0 0 0 0 0 0 0
92 5 0 0 0 0 0 0 0 0
94 6 1 1 6 0 0 0 0 0
98 15 0 0 0 0 0 0 0 0
99 15 0 0 0 0 0 0 0 0
100 3 0 0 0 0 0 0 0 0
101 3 0 0 0 0 0 0 0 0
102 3 0 0 0 0 0 0 0 0
103 3 0 0 0 0 0 0 0 0
104 3 0 0 0 0 0 0 0 0
105 3 0 0 0 0 0 0 0 0
106 3 0 0 0 0 0 0 0 0
107 3 0 0 0 0 0 0 0 0
108 3 0 0 0 0 0 0 0 0
109 3 0 0 0 0 0 0 0 0
110 3 0 0 3 0 0 0 0 0
114 15 1 1 0 0 0 0 0 0
115 15 0 0 15 0 0 0 0 0
fl=/usr/src/debug////////glibc-2.24-33-ge9e69e4/string/../sysdeps/x86_64/multiarch/memmove-vec-unaligned-erms.S
fn=__GI_mempcpy
117 4 1 0 0 0 0 0 0 0
118 4 0 0 0 0 0 0 0 0
119 4 0 0 0 0 0 0 0 0
fn=__memcpy_sse2_unaligned_erms
260 4 1 1 0 0 0 0 0 0
261 4 0 0 0 0 0 0 0 0
262 4 0 0 0 0 0 0 0 0
263 4 0 0 0 0 0 0 0 0
264 1 0 0 0 0 0 0 0 0
265 1 0 0 0 0 0 0 0 0
266 1 0 0 0 0 0 0 0 0
267 1 0 0 1 0 0 0 0 0
268 1 0 0 0 0 0 1 0 0
270 1 0 0 1 0 0 0 0 0
299 3 1 1 3 0 0 0 0 0
300 3 0 0 3 0 0 0 0 0
301 3 0 0 0 0 0 3 1 1
302 3 0 0 0 0 0 3 0 0
303 3 0 0 3 0 0 0 0 0
fn=memcpy
131 27 1 1 0 0 0 0 0 0
133 38 0 0 0 0 0 0 0 0
134 38 0 0 0 0 0 0 0 0
135 26 0 0 0 0 0 0 0 0
136 26 0 0 0 0 0 0 0 0
141 19 0 0 19 1 0 0 0 0
142 19 0 0 19 0 0 0 0 0
143 19 0 0 0 0 0 19 5 5
144 19 0 0 0 0 0 19 1 1
149 19 0 0 19 0 0 0 0 0
260 12 1 1 0 0 0 0 0 0
261 12 0 0 0 0 0 0 0 0
262 6 0 0 0 0 0 0 0 0
263 6 0 0 0 0 0 0 0 0
264 5 0 0 0 0 0 0 0 0
265 5 0 0 0 0 0 0 0 0
266 4 0 0 0 0 0 0 0 0
267 3 0 0 3 1 1 0 0 0
268 3 0 0 0 0 0 3 1 1
270 4 0 0 4 0 0 0 0 0
292 6 0 0 6 0 0 0 0 0
293 6 0 0 6 0 0 0 0 0
294 6 0 0 0 0 0 6 4 4
295 6 0 0 0 0 0 6 0 0
296 6 0 0 6 0 0 0 0 0
299 1 0 0 1 0 0 0 0 0
300 1 0 0 1 0 0 0 0 0
301 1 0 0 0 0 0 1 0 0
302 1 0 0 0 0 0 1 0 0
303 1 0 0 1 0 0 0 0 0
306 1 0 0 1 1 1 0 0 0
307 1 0 0 1 0 0 0 0 0
308 1 1 1 0 0 0 1 1 1
309 1 0 0 0 0 0 1 0 0
310 1 0 0 1 0 0 0 0 0
320 7 0 0 0 0 0 0 0 0
321 7 0 0 0 0 0 0 0 0
322 7 0 0 0 0 0 0 0 0
323 7 0 0 0 0 0 0 0 0
345 7 1 1 7 0 0 0 0 0
346 7 0 0 7 0 0 0 0 0
347 7 0 0 7 0 0 0 0 0
348 7 0 0 7 0 0 0 0 0
349 7 0 0 0 0 0 7 2 2
350 7 0 0 0 0 0 7 1 1
351 7 0 0 0 0 0 7 2 2
352 7 0 0 0 0 0 7 0 0
354 7 0 0 7 0 0 0 0 0
fn=memcpy@GLIBC_2.2.5
133 4 1 1 0 0 0 0 0 0
134 4 0 0 0 0 0 0 0 0
fn=mempcpy
117 11 0 0 0 0 0 0 0 0
118 11 0 0 0 0 0 0 0 0
119 11 0 0 0 0 0 0 0 0
fl=/usr/src/debug////////glibc-2.24-33-ge9e69e4/string/../sysdeps/x86_64/multiarch/memmove.S
fn=memmove
29 1 1 1 1 0 0 0 0 0
30 1 0 0 0 0 0 0 0 0
31 1 1 1 1 0 0 0 0 0
32 1 0 0 0 0 0 0 0 0
33 1 0 0 1 0 0 0 0 0
34 1 0 0 0 0 0 0 0 0
43 1 1 1 0 0 0 0 0 0
44 1 0 0 1 0 0 0 0 0
45 1 0 0 0 0 0 0 0 0
51 1 0 0 0 0 0 0 0 0
52 1 1 1 1 0 0 0 0 0
53 1 0 0 0 0 0 0 0 0
54 1 0 0 1 0 0 0 0 0
55 1 0 0 0 0 0 0 0 0
65 1 1 1 1 0 0 0 0 0
fl=/usr/src/debug////////glibc-2.24-33-ge9e69e4/string/../sysdeps/x86_64/multiarch/memset-vec-unaligned-erms.S
fn=memset
91 105 1 1 0 0 0 0 0 0
93 21 0 0 0 0 0 0 0 0
94 21 0 0 0 0 0 0 0 0
95 7 0 0 0 0 0 0 0 0
96 7 0 0 0 0 0 0 0 0
98 3 0 0 0 0 0 3 1 1
99 3 0 0 0 0 0 3 0 0
101 3 0 0 3 0 0 0 0 0
149 4 0 0 0 0 0 0 0 0
150 4 0 0 0 0 0 0 0 0
160 4 1 1 0 0 0 0 0 0
161 4 0 0 0 0 0 4 4 4
162 4 0 0 0 0 0 0 0 0
163 4 0 0 0 0 0 4 3 3
164 4 0 0 0 0 0 4 1 1
165 4 0 0 0 0 0 4 0 0
166 4 0 0 0 0 0 4 1 1
167 4 0 0 0 0 0 4 0 0
168 4 0 0 0 0 0 4 0 0
169 4 0 0 0 0 0 4 1 1
170 4 0 0 0 0 0 0 0 0
171 4 0 0 0 0 0 0 0 0
172 4 0 0 0 0 0 0 0 0
173 4 0 0 0 0 0 0 0 0
175 66 0 0 0 0 0 66 59 59
176 66 0 0 0 0 0 66 0 0
177 66 0 0 0 0 0 66 0 0
178 66 0 0 0 0 0 66 0 0
179 66 0 0 0 0 0 0 0 0
180 66 0 0 0 0 0 0 0 0
181 66 0 0 0 0 0 0 0 0
182 4 0 0 4 0 0 0 0 0
197 14 2 2 0 0 0 0 0 0
198 14 0 0 0 0 0 0 0 0
199 14 0 0 0 0 0 0 0 0
200 6 0 0 0 0 0 0 0 0
201 6 0 0 0 0 0 0 0 0
202 2 0 0 0 0 0 0 0 0
203 2 0 0 0 0 0 0 0 0
227 8 2 2 0 0 0 8 2 2
228 8 0 0 0 0 0 8 0 0
230 8 0 0 8 0 0 0 0 0
233 4 0 0 0 0 0 4 0 0
234 4 0 0 0 0 0 4 0 0
236 4 0 0 4 0 0 0 0 0
239 2 0 0 0 0 0 2 0 0
240 2 0 0 0 0 0 2 0 0
242 2 0 0 2 0 0 0 0 0
fl=/usr/src/debug////////glibc-2.24-33-ge9e69e4/string/../sysdeps/x86_64/multiarch/strcmp.S
fn=strcasecmp
109 1 1 1 1 1 0 0 0 0
110 1 0 0 0 0 0 0 0 0
111 1 1 1 1 1 0 0 0 0
112 1 0 0 0 0 0 0 0 0
113 1 0 0 1 0 0 0 0 0
114 1 0 0 0 0 0 0 0 0
115 1 0 0 0 0 0 0 0 0
116 1 0 0 1 0 0 0 0 0
117 1 0 0 0 0 0 0 0 0
122 1 1 1 1 0 0 0 0 0
fn=strncasecmp
129 1 1 1 1 0 0 0 0 0
130 1 0 0 0 0 0 0 0 0
131 1 0 0 1 0 0 0 0 0
132 1 0 0 0 0 0 0 0 0
133 1 1 1 1 0 0 0 0 0
134 1 0 0 0 0 0 0 0 0
135 1 0 0 0 0 0 0 0 0
136 1 0 0 1 0 0 0 0 0
137 1 0 0 0 0 0 0 0 0
142 1 0 0 1 0 0 0 0 0
fl=/usr/src/debug////////glibc-2.24-33-ge9e69e4/string/../sysdeps/x86_64/multiarch/strcspn.S
fn=strcspn
45 1 1 1 1 0 0 0 0 0
46 1 0 0 0 0 0 0 0 0
47 1 0 0 1 0 0 0 0 0
48 1 0 0 0 0 0 0 0 0
49 1 1 1 0 0 0 0 0 0
50 1 0 0 1 0 0 0 0 0
fn=strpbrk
45 1 1 1 1 0 0 0 0 0
46 1 0 0 0 0 0 0 0 0
47 1 0 0 1 0 0 0 0 0
48 1 0 0 0 0 0 0 0 0
49 1 0 0 0 0 0 0 0 0
50 1 0 0 1 0 0 0 0 0
fl=/usr/src/debug////////glibc-2.24-33-ge9e69e4/string/../sysdeps/x86_64/multiarch/strspn.S
fn=strspn
30 1 1 1 1 0 0 0 0 0
31 1 0 0 0 0 0 0 0 0
32 1 0 0 1 0 0 0 0 0
33 1 0 0 0 0 0 0 0 0
34 1 1 1 0 0 0 0 0 0
35 1 0 0 1 0 0 0 0 0
fl=/usr/src/debug////////glibc-2.24-33-ge9e69e4/string/../sysdeps/x86_64/strchr.S
fn=index
24 18 1 1 0 0 0 0 0 0
25 18 0 0 0 0 0 0 0 0
26 18 0 0 0 0 0 0 0 0
27 18 0 0 0 0 0 0 0 0
28 18 0 0 0 0 0 0 0 0
29 18 0 0 0 0 0 0 0 0
30 18 0 0 0 0 0 0 0 0
31 18 0 0 0 0 0 0 0 0
32 18 0 0 18 4 4 0 0 0
33 18 0 0 0 0 0 0 0 0
34 18 0 0 0 0 0 0 0 0
35 18 1 1 0 0 0 0 0 0
36 18 0 0 0 0 0 0 0 0
37 18 0 0 0 0 0 0 0 0
38 18 0 0 0 0 0 0 0 0
39 18 0 0 0 0 0 0 0 0
40 18 0 0 0 0 0 0 0 0
41 14 0 0 0 0 0 0 0 0
45 14 0 0 0 0 0 0 0 0
46 14 0 0 0 0 0 0 0 0
47 14 0 0 14 0 0 0 0 0
48 14 0 0 0 0 0 0 0 0
50 14 0 0 14 0 0 0 0 0
54 4 0 0 4 0 0 0 0 0
55 4 0 0 0 0 0 0 0 0
56 4 0 0 0 0 0 0 0 0
57 4 0 0 0 0 0 0 0 0
58 4 0 0 0 0 0 0 0 0
59 4 1 1 0 0 0 0 0 0
60 4 0 0 4 0 0 0 0 0
61 4 0 0 0 0 0 0 0 0
62 4 0 0 0 0 0 0 0 0
63 4 0 0 0 0 0 0 0 0
64 4 0 0 0 0 0 0 0 0
65 4 0 0 0 0 0 0 0 0
66 4 0 0 0 0 0 0 0 0
67 4 0 0 4 1 1 0 0 0
68 4 0 0 0 0 0 0 0 0
69 4 0 0 0 0 0 0 0 0
70 4 0 0 0 0 0 0 0 0
71 4 0 0 0 0 0 0 0 0
72 4 0 0 0 0 0 0 0 0
73 4 0 0 0 0 0 0 0 0
74 4 0 0 0 0 0 0 0 0
75 4 1 1 0 0 0 0 0 0
76 4 0 0 0 0 0 0 0 0
77 4 0 0 0 0 0 0 0 0
129 4 1 1 0 0 0 0 0 0
133 4 0 0 0 0 0 0 0 0
134 4 0 0 0 0 0 0 0 0
135 4 0 0 4 0 0 0 0 0
136 4 1 1 0 0 0 0 0 0
138 4 0 0 4 0 0 0 0 0
fn=strchrnul
24 3 1 1 0 0 0 0 0 0
25 3 0 0 0 0 0 0 0 0
26 3 0 0 0 0 0 0 0 0
27 3 0 0 0 0 0 0 0 0
28 3 0 0 0 0 0 0 0 0
29 3 0 0 0 0 0 0 0 0
30 3 0 0 0 0 0 0 0 0
31 3 0 0 0 0 0 0 0 0
32 3 0 0 3 1 1 0 0 0
33 3 0 0 0 0 0 0 0 0
34 3 0 0 0 0 0 0 0 0
35 3 1 1 0 0 0 0 0 0
36 3 0 0 0 0 0 0 0 0
37 3 0 0 0 0 0 0 0 0
38 3 0 0 0 0 0 0 0 0
39 3 0 0 0 0 0 0 0 0
40 3 0 0 0 0 0 0 0 0
41 2 0 0 0 0 0 0 0 0
43 2 0 0 0 0 0 0 0 0
50 2 0 0 2 0 0 0 0 0
54 1 0 0 1 0 0 0 0 0
55 1 0 0 0 0 0 0 0 0
56 1 0 0 0 0 0 0 0 0
57 1 0 0 0 0 0 0 0 0
58 1 0 0 0 0 0 0 0 0
59 1 0 0 0 0 0 0 0 0
60 1 0 0 1 1 1 0 0 0
61 1 1 1 0 0 0 0 0 0
62 1 0 0 0 0 0 0 0 0
63 1 0 0 0 0 0 0 0 0
64 1 0 0 0 0 0 0 0 0
65 1 0 0 0 0 0 0 0 0
66 1 0 0 0 0 0 0 0 0
67 1 0 0 1 0 0 0 0 0
68 1 0 0 0 0 0 0 0 0
69 1 0 0 0 0 0 0 0 0
70 1 0 0 0 0 0 0 0 0
71 1 0 0 0 0 0 0 0 0
72 1 0 0 0 0 0 0 0 0
73 1 0 0 0 0 0 0 0 0
74 1 0 0 0 0 0 0 0 0
75 1 0 0 0 0 0 0 0 0
76 1 0 0 0 0 0 0 0 0
77 1 1 1 0 0 0 0 0 0
129 1 1 1 0 0 0 0 0 0
131 1 0 0 0 0 0 0 0 0
138 1 0 0 1 0 0 0 0 0
fl=/usr/src/debug////////glibc-2.24-33-ge9e69e4/string/../sysdeps/x86_64/strcmp.S
fn=strcmp
144 2618 1 1 0 0 0 0 0 0
145 2618 0 0 0 0 0 0 0 0
147 2618 0 0 0 0 0 0 0 0
148 2618 0 0 0 0 0 0 0 0
169 2618 0 0 0 0 0 0 0 0
170 2618 1 1 0 0 0 0 0 0
171 1326 0 0 0 0 0 0 0 0
172 1326 0 0 0 0 0 0 0 0
173 1166 0 0 1166 50 15 0 0 0
174 1166 0 0 1166 16 8 0 0 0
175 1166 0 0 1166 0 0 0 0 0
176 1166 0 0 1166 0 0 0 0 0
197 1166 0 0 0 0 0 0 0 0
198 1166 0 0 0 0 0 0 0 0
199 1166 0 0 0 0 0 0 0 0
200 1166 0 0 0 0 0 0 0 0
201 1166 0 0 0 0 0 0 0 0
202 1166 0 0 0 0 0 0 0 0
203 1166 0 0 0 0 0 0 0 0
208 39 0 0 0 0 0 0 0 0
209 39 0 0 0 0 0 0 0 0
218 1491 1 1 0 0 0 0 0 0
219 1491 0 0 0 0 0 0 0 0
220 1491 0 0 0 0 0 0 0 0
221 1491 0 0 0 0 0 0 0 0
222 1491 0 0 0 0 0 0 0 0
223 1491 0 0 0 0 0 0 0 0
224 1491 0 0 0 0 0 0 0 0
225 1491 0 0 0 0 0 0 0 0
226 316 0 0 0 0 0 0 0 0
227 181 0 0 0 0 0 0 0 0
228 181 0 0 0 0 0 0 0 0
229 181 0 0 0 0 0 0 0 0
231 316 0 0 0 0 0 0 0 0
232 316 0 0 0 0 0 0 0 0
233 316 0 0 0 0 0 0 0 0
234 316 0 0 316 11 2 0 0 0
235 316 0 0 0 0 0 0 0 0
236 316 0 0 0 0 0 0 0 0
246 1175 1 1 1175 8 1 0 0 0
247 1175 0 0 0 0 0 0 0 0
248 1175 0 0 0 0 0 0 0 0
250 1175 0 0 1175 4 1 0 0 0
256 1175 0 0 0 0 0 0 0 0
257 1175 0 0 0 0 0 0 0 0
258 1175 0 0 0 0 0 0 0 0
259 1175 0 0 0 0 0 0 0 0
260 1175 0 0 0 0 0 0 0 0
265 1175 0 0 0 0 0 0 0 0
267 1131 0 0 0 0 0 0 0 0
268 1131 0 0 0 0 0 0 0 0
269 2262 0 0 0 0 0 0 0 0
277 1149 1 1 1149 7 0 0 0 0
278 1149 0 0 1149 1 0 0 0 0
281 1149 0 0 0 0 0 0 0 0
282 1149 0 0 0 0 0 0 0 0
283 1149 0 0 0 0 0 0 0 0
284 1149 0 0 0 0 0 0 0 0
285 1149 0 0 0 0 0 0 0 0
286 1149 0 0 0 0 0 0 0 0
292 27 0 0 0 0 0 0 0 0
293 27 0 0 27 0 0 0 0 0
294 27 0 0 27 0 0 0 0 0
297 27 0 0 0 0 0 0 0 0
298 27 0 0 0 0 0 0 0 0
299 27 0 0 0 0 0 0 0 0
300 27 1 1 0 0 0 0 0 0
301 27 0 0 0 0 0 0 0 0
302 27 0 0 0 0 0 0 0 0
307 18 0 0 0 0 0 0 0 0
308 18 0 0 0 0 0 0 0 0
571 34 1 1 0 0 0 0 0 0
572 34 0 0 34 3 0 0 0 0
573 34 0 0 34 0 0 0 0 0
574 34 0 0 0 0 0 0 0 0
575 34 0 0 0 0 0 0 0 0
577 34 0 0 0 0 0 0 0 0
578 34 0 0 0 0 0 0 0 0
579 34 1 1 0 0 0 0 0 0
580 34 0 0 0 0 0 0 0 0
581 34 0 0 0 0 0 0 0 0
582 34 0 0 0 0 0 0 0 0
583 34 0 0 0 0 0 0 0 0
821 1 1 1 0 0 0 0 0 0
822 1 0 0 1 1 1 0 0 0
823 1 0 0 1 0 0 0 0 0
824 1 0 0 0 0 0 0 0 0
825 1 0 0 0 0 0 0 0 0
827 1 0 0 0 0 0 0 0 0
828 1 0 0 0 0 0 0 0 0
829 1 1 1 0 0 0 0 0 0
830 1 0 0 0 0 0 0 0 0
831 1 0 0 0 0 0 0 0 0
832 1 0 0 0 0 0 0 0 0
833 1 0 0 0 0 0 0 0 0
834 1 0 0 1 0 0 0 0 0
838 1 0 0 0 0 0 0 0 0
839 1 0 0 0 0 0 0 0 0
840 1 0 0 0 0 0 0 0 0
846 1 0 0 0 0 0 0 0 0
847 1 0 0 0 0 0 0 0 0
848 2 0 0 0 0 0 0 0 0
852 1 1 1 0 0 0 0 0 0
853 1 0 0 0 0 0 0 0 0
856 1 0 0 1 0 0 0 0 0
857 1 0 0 1 0 0 0 0 0
858 1 0 0 0 0 0 0 0 0
861 1 0 0 0 0 0 0 0 0
862 1 0 0 0 0 0 0 0 0
863 1 0 0 0 0 0 0 0 0
869 1 0 0 0 0 0 0 0 0
870 1 0 0 0 0 0 0 0 0
871 1 0 0 0 0 0 0 0 0
872 1 0 0 0 0 0 0 0 0
873 1 0 0 0 0 0 0 0 0
874 1 1 1 0 0 0 0 0 0
946 1 1 1 0 0 0 0 0 0
947 1 0 0 1 0 0 0 0 0
948 1 0 0 1 0 0 0 0 0
949 1 0 0 0 0 0 0 0 0
950 1 0 0 0 0 0 0 0 0
952 1 0 0 0 0 0 0 0 0
953 1 0 0 0 0 0 0 0 0
954 1 1 1 0 0 0 0 0 0
955 1 0 0 0 0 0 0 0 0
956 1 0 0 0 0 0 0 0 0
957 1 0 0 0 0 0 0 0 0
958 1 0 0 0 0 0 0 0 0
959 1 0 0 1 0 0 0 0 0
963 1 0 0 0 0 0 0 0 0
964 1 0 0 0 0 0 0 0 0
965 1 0 0 0 0 0 0 0 0
971 1 0 0 0 0 0 0 0 0
972 1 0 0 0 0 0 0 0 0
973 2 0 0 0 0 0 0 0 0
977 1 1 1 0 0 0 0 0 0
978 1 0 0 0 0 0 0 0 0
981 1 0 0 1 0 0 0 0 0
982 1 0 0 1 1 1 0 0 0
983 1 0 0 0 0 0 0 0 0
986 1 0 0 0 0 0 0 0 0
987 1 0 0 0 0 0 0 0 0
988 1 0 0 0 0 0 0 0 0
994 1 0 0 0 0 0 0 0 0
995 1 0 0 0 0 0 0 0 0
996 1 0 0 0 0 0 0 0 0
997 1 0 0 0 0 0 0 0 0
998 1 0 0 0 0 0 0 0 0
999 1 1 1 0 0 0 0 0 0
1071 3 1 1 0 0 0 0 0 0
1072 3 0 0 3 0 0 0 0 0
1073 3 0 0 3 0 0 0 0 0
1074 3 0 0 0 0 0 0 0 0
1075 3 0 0 0 0 0 0 0 0
1077 3 0 0 0 0 0 0 0 0
1078 3 0 0 0 0 0 0 0 0
1079 3 1 1 0 0 0 0 0 0
1080 3 0 0 0 0 0 0 0 0
1081 3 0 0 0 0 0 0 0 0
1082 3 0 0 0 0 0 0 0 0
1083 3 0 0 0 0 0 0 0 0
1084 1 0 0 1 0 0 0 0 0
1088 1 0 0 0 0 0 0 0 0
1089 1 0 0 0 0 0 0 0 0
1090 1 0 0 0 0 0 0 0 0
1096 1 0 0 0 0 0 0 0 0
1097 1 0 0 0 0 0 0 0 0
1098 2 0 0 0 0 0 0 0 0
1102 1 1 1 0 0 0 0 0 0
1103 1 0 0 0 0 0 0 0 0
1106 1 0 0 1 1 1 0 0 0
1107 1 0 0 1 0 0 0 0 0
1108 1 0 0 0 0 0 0 0 0
1111 1 0 0 0 0 0 0 0 0
1112 1 0 0 0 0 0 0 0 0
1113 1 0 0 0 0 0 0 0 0
1119 1 0 0 0 0 0 0 0 0
1120 1 0 0 0 0 0 0 0 0
1121 1 0 0 0 0 0 0 0 0
1122 1 0 0 0 0 0 0 0 0
1123 1 0 0 0 0 0 0 0 0
1124 1 1 1 0 0 0 0 0 0
1196 10 2 1 0 0 0 0 0 0
1197 10 0 0 10 1 1 0 0 0
1198 10 0 0 10 0 0 0 0 0
1199 10 0 0 0 0 0 0 0 0
1200 10 0 0 0 0 0 0 0 0
1202 10 0 0 0 0 0 0 0 0
1203 10 0 0 0 0 0 0 0 0
1204 10 2 1 0 0 0 0 0 0
1205 10 0 0 0 0 0 0 0 0
1206 10 0 0 0 0 0 0 0 0
1207 10 0 0 0 0 0 0 0 0
1208 10 0 0 0 0 0 0 0 0
1209 2 0 0 2 0 0 0 0 0
1213 2 0 0 0 0 0 0 0 0
1214 2 0 0 0 0 0 0 0 0
1215 2 0 0 0 0 0 0 0 0
1221 2 0 0 0 0 0 0 0 0
1222 2 0 0 0 0 0 0 0 0
1223 4 0 0 0 0 0 0 0 0
1227 2 1 1 0 0 0 0 0 0
1228 2 0 0 0 0 0 0 0 0
1231 2 0 0 2 0 0 0 0 0
1232 2 0 0 2 1 1 0 0 0
1233 2 0 0 0 0 0 0 0 0
1236 2 0 0 0 0 0 0 0 0
1237 2 0 0 0 0 0 0 0 0
1238 2 0 0 0 0 0 0 0 0
1244 2 0 0 0 0 0 0 0 0
1245 2 0 0 0 0 0 0 0 0
1246 2 0 0 0 0 0 0 0 0
1247 2 0 0 0 0 0 0 0 0
1248 2 0 0 0 0 0 0 0 0
1249 2 1 1 0 0 0 0 0 0
1321 22 2 1 0 0 0 0 0 0
1322 22 0 0 22 1 0 0 0 0
1323 22 0 0 22 2 0 0 0 0
1324 22 0 0 0 0 0 0 0 0
1325 22 0 0 0 0 0 0 0 0
1327 22 0 0 0 0 0 0 0 0
1328 22 0 0 0 0 0 0 0 0
1329 22 2 1 0 0 0 0 0 0
1330 22 0 0 0 0 0 0 0 0
1331 22 0 0 0 0 0 0 0 0
1332 22 0 0 0 0 0 0 0 0
1333 22 0 0 0 0 0 0 0 0
1334 5 0 0 5 0 0 0 0 0
1338 5 0 0 0 0 0 0 0 0
1339 5 0 0 0 0 0 0 0 0
1340 5 0 0 0 0 0 0 0 0
1346 5 0 0 0 0 0 0 0 0
1347 5 0 0 0 0 0 0 0 0
1348 10 0 0 0 0 0 0 0 0
1352 5 2 1 0 0 0 0 0 0
1353 5 0 0 0 0 0 0 0 0
1356 5 0 0 5 1 0 0 0 0
1357 5 0 0 5 0 0 0 0 0
1358 5 0 0 0 0 0 0 0 0
1361 5 0 0 0 0 0 0 0 0
1362 5 0 0 0 0 0 0 0 0
1363 5 0 0 0 0 0 0 0 0
1369 5 0 0 0 0 0 0 0 0
1370 5 0 0 0 0 0 0 0 0
1371 5 0 0 0 0 0 0 0 0
1372 5 0 0 0 0 0 0 0 0
1373 5 0 0 0 0 0 0 0 0
1374 5 2 1 0 0 0 0 0 0
1446 54 1 1 0 0 0 0 0 0
1447 54 0 0 54 3 0 0 0 0
1448 54 0 0 54 0 0 0 0 0
1449 54 0 0 0 0 0 0 0 0
1450 54 0 0 0 0 0 0 0 0
1452 54 0 0 0 0 0 0 0 0
1453 54 0 0 0 0 0 0 0 0
1454 54 1 1 0 0 0 0 0 0
1455 54 0 0 0 0 0 0 0 0
1456 54 0 0 0 0 0 0 0 0
1457 54 0 0 0 0 0 0 0 0
1458 54 0 0 0 0 0 0 0 0
1459 2 0 0 2 0 0 0 0 0
1463 2 0 0 0 0 0 0 0 0
1464 2 0 0 0 0 0 0 0 0
1465 2 0 0 0 0 0 0 0 0
1471 2 0 0 0 0 0 0 0 0
1472 2 0 0 0 0 0 0 0 0
1473 4 0 0 0 0 0 0 0 0
1477 2 1 1 0 0 0 0 0 0
1478 2 0 0 0 0 0 0 0 0
1481 2 0 0 2 0 0 0 0 0
1482 2 0 0 2 2 1 0 0 0
1483 2 0 0 0 0 0 0 0 0
1486 2 0 0 0 0 0 0 0 0
1487 2 0 0 0 0 0 0 0 0
1488 2 0 0 0 0 0 0 0 0
1494 2 0 0 0 0 0 0 0 0
1495 2 0 0 0 0 0 0 0 0
1496 2 0 0 0 0 0 0 0 0
1497 2 0 0 0 0 0 0 0 0
1498 2 0 0 0 0 0 0 0 0
1499 2 1 1 0 0 0 0 0 0
1571 74 1 1 0 0 0 0 0 0
1572 74 0 0 74 9 1 0 0 0
1573 74 0 0 74 7 1 0 0 0
1574 74 0 0 0 0 0 0 0 0
1575 74 0 0 0 0 0 0 0 0
1577 74 0 0 0 0 0 0 0 0
1578 74 0 0 0 0 0 0 0 0
1579 74 1 1 0 0 0 0 0 0
1580 74 0 0 0 0 0 0 0 0
1581 74 0 0 0 0 0 0 0 0
1582 74 0 0 0 0 0 0 0 0
1583 74 0 0 0 0 0 0 0 0
1584 37 0 0 37 0 0 0 0 0
1588 37 0 0 0 0 0 0 0 0
1589 37 0 0 0 0 0 0 0 0
1590 37 0 0 0 0 0 0 0 0
1596 37 0 0 0 0 0 0 0 0
1597 37 0 0 0 0 0 0 0 0
1598 74 0 0 0 0 0 0 0 0
1602 37 1 1 0 0 0 0 0 0
1603 37 0 0 0 0 0 0 0 0
1606 37 0 0 37 4 0 0 0 0
1607 37 0 0 37 3 1 0 0 0
1608 37 0 0 0 0 0 0 0 0
1611 37 0 0 0 0 0 0 0 0
1612 37 0 0 0 0 0 0 0 0
1613 37 0 0 0 0 0 0 0 0
1619 37 0 0 0 0 0 0 0 0
1620 37 0 0 0 0 0 0 0 0
1621 37 0 0 0 0 0 0 0 0
1622 37 0 0 0 0 0 0 0 0
1623 37 0 0 0 0 0 0 0 0
1624 37 1 1 0 0 0 0 0 0
1631 1 0 0 0 0 0 0 0 0
1632 1 0 0 0 0 0 0 0 0
1634 1 0 0 0 0 0 0 0 0
1635 1 0 0 0 0 0 0 0 0
1637 1 0 0 1 0 0 0 0 0
1638 1 0 0 1 0 0 0 0 0
1639 1 0 0 0 0 0 0 0 0
1642 1 0 0 0 0 0 0 0 0
1643 1 0 0 0 0 0 0 0 0
1644 1 0 0 0 0 0 0 0 0
1650 1 0 0 0 0 0 0 0 0
1651 1 0 0 0 0 0 0 0 0
1652 1 0 0 0 0 0 0 0 0
1653 1 0 0 0 0 0 0 0 0
1654 1 1 1 0 0 0 0 0 0
1655 1 0 0 0 0 0 0 0 0
1696 17 1 1 0 0 0 0 0 0
1697 17 0 0 17 2 1 0 0 0
1698 17 0 0 17 1 0 0 0 0
1699 17 0 0 0 0 0 0 0 0
1700 17 0 0 0 0 0 0 0 0
1702 17 0 0 0 0 0 0 0 0
1703 17 0 0 0 0 0 0 0 0
1704 17 1 1 0 0 0 0 0 0
1705 17 0 0 0 0 0 0 0 0
1706 17 0 0 0 0 0 0 0 0
1707 17 0 0 0 0 0 0 0 0
1708 17 0 0 0 0 0 0 0 0
1709 8 0 0 8 0 0 0 0 0
1713 8 0 0 0 0 0 0 0 0
1714 8 0 0 0 0 0 0 0 0
1715 8 0 0 0 0 0 0 0 0
1721 8 0 0 0 0 0 0 0 0
1722 8 0 0 0 0 0 0 0 0
1723 16 0 0 0 0 0 0 0 0
1727 8 1 1 0 0 0 0 0 0
1728 8 0 0 0 0 0 0 0 0
1731 8 0 0 8 1 0 0 0 0
1732 8 0 0 8 0 0 0 0 0
1733 8 0 0 0 0 0 0 0 0
1736 8 0 0 0 0 0 0 0 0
1737 8 0 0 0 0 0 0 0 0
1738 8 0 0 0 0 0 0 0 0
1744 8 0 0 0 0 0 0 0 0
1745 8 0 0 0 0 0 0 0 0
1746 8 0 0 0 0 0 0 0 0
1747 8 0 0 0 0 0 0 0 0
1748 8 0 0 0 0 0 0 0 0
1749 8 1 1 0 0 0 0 0 0
1821 13 2 1 0 0 0 0 0 0
1822 13 0 0 13 1 1 0 0 0
1823 13 0 0 13 2 2 0 0 0
1824 13 0 0 0 0 0 0 0 0
1825 13 0 0 0 0 0 0 0 0
1827 13 0 0 0 0 0 0 0 0
1828 13 0 0 0 0 0 0 0 0
1829 13 2 1 0 0 0 0 0 0
1830 13 0 0 0 0 0 0 0 0
1831 13 0 0 0 0 0 0 0 0
1832 13 0 0 0 0 0 0 0 0
1833 13 0 0 0 0 0 0 0 0
1834 3 0 0 3 0 0 0 0 0
1838 3 0 0 0 0 0 0 0 0
1839 3 0 0 0 0 0 0 0 0
1840 3 0 0 0 0 0 0 0 0
1846 3 0 0 0 0 0 0 0 0
1847 3 0 0 0 0 0 0 0 0
1848 6 0 0 0 0 0 0 0 0
1852 3 2 1 0 0 0 0 0 0
1853 3 0 0 0 0 0 0 0 0
1856 3 0 0 3 1 1 0 0 0
1857 3 0 0 3 0 0 0 0 0
1858 3 0 0 0 0 0 0 0 0
1861 3 0 0 0 0 0 0 0 0
1862 3 0 0 0 0 0 0 0 0
1863 3 0 0 0 0 0 0 0 0
1869 3 0 0 0 0 0 0 0 0
1870 3 0 0 0 0 0 0 0 0
1871 3 0 0 0 0 0 0 0 0
1872 3 0 0 0 0 0 0 0 0
1873 3 0 0 0 0 0 0 0 0
1874 3 1 1 0 0 0 0 0 0
1881 1 0 0 0 0 0 0 0 0
1882 1 0 0 0 0 0 0 0 0
1884 1 0 0 0 0 0 0 0 0
1885 1 0 0 0 0 0 0 0 0
1887 1 0 0 1 0 0 0 0 0
1888 1 0 0 1 0 0 0 0 0
1889 1 0 0 0 0 0 0 0 0
1892 1 0 0 0 0 0 0 0 0
1893 1 0 0 0 0 0 0 0 0
1894 1 0 0 0 0 0 0 0 0
1900 1 0 0 0 0 0 0 0 0
1901 1 0 0 0 0 0 0 0 0
1902 1 0 0 0 0 0 0 0 0
1903 1 0 0 0 0 0 0 0 0
1904 1 1 1 0 0 0 0 0 0
1905 1 0 0 0 0 0 0 0 0
1946 73 1 1 0 0 0 0 0 0
1947 73 0 0 73 1 0 0 0 0
1948 73 0 0 73 3 0 0 0 0
1949 73 0 0 0 0 0 0 0 0
1950 73 0 0 0 0 0 0 0 0
1952 73 0 0 0 0 0 0 0 0
1953 73 0 0 0 0 0 0 0 0
1954 73 1 1 0 0 0 0 0 0
1955 73 0 0 0 0 0 0 0 0
1956 73 0 0 0 0 0 0 0 0
1957 73 0 0 0 0 0 0 0 0
1958 73 0 0 0 0 0 0 0 0
1959 2 0 0 2 0 0 0 0 0
1963 2 0 0 0 0 0 0 0 0
1964 2 0 0 0 0 0 0 0 0
1965 2 0 0 0 0 0 0 0 0
1971 2 0 0 0 0 0 0 0 0
1972 2 0 0 0 0 0 0 0 0
1973 4 0 0 0 0 0 0 0 0
1977 2 1 1 0 0 0 0 0 0
1978 2 0 0 0 0 0 0 0 0
1981 2 0 0 2 0 0 0 0 0
1982 2 0 0 2 0 0 0 0 0
1983 2 0 0 0 0 0 0 0 0
1986 2 0 0 0 0 0 0 0 0
1987 2 0 0 0 0 0 0 0 0
1988 2 0 0 0 0 0 0 0 0
1994 2 0 0 0 0 0 0 0 0
1995 2 0 0 0 0 0 0 0 0
1996 2 0 0 0 0 0 0 0 0
1997 2 0 0 0 0 0 0 0 0
1998 2 0 0 0 0 0 0 0 0
1999 2 1 1 0 0 0 0 0 0
2071 14 1 1 0 0 0 0 0 0
2072 14 0 0 14 0 0 0 0 0
2073 14 0 0 14 1 0 0 0 0
2074 14 0 0 0 0 0 0 0 0
2075 14 0 0 0 0 0 0 0 0
2077 14 0 0 0 0 0 0 0 0
2078 14 0 0 0 0 0 0 0 0
2079 14 1 1 0 0 0 0 0 0
2080 14 0 0 0 0 0 0 0 0
2081 14 0 0 0 0 0 0 0 0
2082 14 0 0 0 0 0 0 0 0
2083 14 0 0 0 0 0 0 0 0
2085 1 0 0 1 0 0 0 0 0
2089 1 0 0 0 0 0 0 0 0
2090 1 0 0 0 0 0 0 0 0
2091 1 0 0 0 0 0 0 0 0
2097 1 0 0 0 0 0 0 0 0
2098 1 0 0 0 0 0 0 0 0
2100 2 0 0 0 0 0 0 0 0
2104 1 1 1 0 0 0 0 0 0
2105 1 0 0 0 0 0 0 0 0
2108 1 0 0 1 1 0 0 0 0
2109 1 0 0 1 0 0 0 0 0
2110 1 0 0 0 0 0 0 0 0
2113 1 0 0 0 0 0 0 0 0
2114 1 0 0 0 0 0 0 0 0
2115 1 0 0 0 0 0 0 0 0
2121 1 0 0 0 0 0 0 0 0
2122 1 0 0 0 0 0 0 0 0
2123 1 0 0 0 0 0 0 0 0
2124 1 0 0 0 0 0 0 0 0
2125 1 0 0 0 0 0 0 0 0
2126 1 1 1 0 0 0 0 0 0
2200 1194 0 0 0 0 0 0 0 0
2202 1491 1 1 0 0 0 0 0 0
2203 1491 0 0 0 0 0 0 0 0
2204 1491 0 0 0 0 0 0 0 0
2205 1491 0 0 0 0 0 0 0 0
2206 543 0 0 0 0 0 0 0 0
2211 2618 1 1 0 0 0 0 0 0
2217 2618 0 0 2618 0 0 0 0 0
2218 2618 0 0 2618 0 0 0 0 0
2226 2618 0 0 0 0 0 0 0 0
2227 2618 0 0 2618 0 0 0 0 0
fl=/usr/src/debug////////glibc-2.24-33-ge9e69e4/string/../sysdeps/x86_64/strlen.S
fn=strlen
66 26 1 1 0 0 0 0 0 0
67 26 0 0 0 0 0 0 0 0
68 26 0 0 0 0 0 0 0 0
69 26 0 0 0 0 0 0 0 0
70 26 0 0 0 0 0 0 0 0
71 26 0 0 0 0 0 0 0 0
72 26 0 0 0 0 0 0 0 0
74 26 0 0 0 0 0 0 0 0
76 26 0 0 0 0 0 0 0 0
106 25 0 0 25 1 1 0 0 0
107 25 0 0 0 0 0 0 0 0
108 25 0 0 0 0 0 0 0 0
109 25 0 0 0 0 0 0 0 0
110 25 0 0 0 0 0 0 0 0
111 9 0 0 0 0 0 0 0 0
112 9 0 0 9 0 0 0 0 0
116 16 0 0 0 0 0 0 0 0
117 16 1 1 16 0 0 0 0 0
118 16 0 0 16 0 0 0 0 0
119 16 0 0 16 0 0 0 0 0
120 16 0 0 0 0 0 0 0 0
121 16 0 0 0 0 0 0 0 0
122 16 0 0 0 0 0 0 0 0
123 16 0 0 0 0 0 0 0 0
124 16 0 0 0 0 0 0 0 0
125 16 0 0 0 0 0 0 0 0
126 16 0 0 0 0 0 0 0 0
127 16 0 0 0 0 0 0 0 0
132 128 0 0 16 0 0 0 0 0
136 1 1 1 0 0 0 0 0 0
137 14 1 1 4 0 0 0 0 0
138 8 0 0 1 0 0 0 0 0
fl=/usr/src/debug////////glibc-2.24-33-ge9e69e4/string/../sysdeps/x86_64/strrchr.S
fn=rindex
24 1 1 1 0 0 0 0 0 0
25 1 0 0 0 0 0 0 0 0
26 1 0 0 0 0 0 0 0 0
27 1 0 0 0 0 0 0 0 0
28 1 0 0 0 0 0 0 0 0
29 1 0 0 0 0 0 0 0 0
30 1 0 0 0 0 0 0 0 0
31 1 1 1 0 0 0 0 0 0
32 1 0 0 1 1 0 0 0 0
33 1 0 0 0 0 0 0 0 0
34 1 0 0 0 0 0 0 0 0
35 1 0 0 0 0 0 0 0 0
36 1 0 0 0 0 0 0 0 0
37 1 0 0 0 0 0 0 0 0
38 1 0 0 0 0 0 0 0 0
39 1 0 0 0 0 0 0 0 0
40 1 0 0 0 0 0 0 0 0
41 1 0 0 0 0 0 0 0 0
42 1 0 0 0 0 0 0 0 0
43 1 0 0 0 0 0 0 0 0
44 1 0 0 0 0 0 0 0 0
45 1 0 0 0 0 0 0 0 0
46 1 0 0 0 0 0 0 0 0
47 1 0 0 1 0 0 0 0 0
fl=/usr/src/debug/gcc-6.3.1-20161221/obj-x86_64-redhat-linux/gcc/include/cpuid.h
fn=__get_cpuid_output
223 8 0 0 0 0 0 0 0 0
241 4 1 1 0 0 0 0 0 0
243 4 0 0 0 0 0 0 0 0
246 12 0 0 0 0 0 8 0 0
247 2 0 0 0 0 0 0 0 0
fl=/usr/src/debug/gcc-6.3.1-20161221/obj-x86_64-redhat-linux/x86_64-redhat-linux/libgcc/../../../libgcc/config/i386/cpuinfo.c
fn=__cpu_indicator_init@GCC_4.8.0
199 2 0 0 0 0 0 0 0 0
207 7 1 1 1 1 1 0 0 0
238 2 1 1 1 0 0 1 0 0
239 2 1 1 0 0 0 1 0 0
406 7 1 1 0 0 0 6 0 0
415 4 0 0 2 1 0 0 0 0
416 1 0 0 0 0 0 0 0 0
419 14 1 1 1 0 0 2 0 0
425 1 0 0 1 0 0 0 0 0
426 1 0 0 1 0 0 0 0 0
428 2 1 1 0 0 0 0 0 0
434 8 0 0 0 0 0 1 0 0
440 4 0 0 1 0 0 0 0 0
441 3 1 1 0 0 0 0 0 0
442 1 0 0 1 0 0 0 0 0
443 3 0 0 0 0 0 0 0 0
444 2 0 0 0 0 0 0 0 0
446 2 0 0 0 0 0 0 0 0
449 2 1 1 0 0 0 0 0 0
454 2 0 0 0 0 0 0 0 0
455 1 1 1 0 0 0 0 0 0
460 4 0 0 2 0 0 1 0 0
461 3 0 0 1 0 0 1 0 0
485 1 0 0 0 0 0 0 0 0
486 9 0 0 7 0 0 0 0 0
fn=__get_cpuid_output
393 6 0 0 0 0 0 2 0 0
395 4 0 0 4 0 0 0 0 0
fn=get_available_features
303 1 0 0 0 0 0 1 0 0
306 3 1 1 0 0 0 0 0 0
309 4 0 0 0 0 0 0 0 0
311 4 1 1 0 0 0 0 0 0
313 4 0 0 0 0 0 0 0 0
315 4 0 0 0 0 0 0 0 0
317 4 0 0 0 0 0 0 0 0
319 4 1 1 0 0 0 0 0 0
321 4 0 0 0 0 0 0 0 0
323 4 0 0 0 0 0 0 0 0
325 4 0 0 0 0 0 0 0 0
327 4 1 1 0 0 0 0 0 0
329 4 0 0 0 0 0 0 0 0
331 4 0 0 0 0 0 0 0 0
334 2 0 0 0 0 0 0 0 0
337 3 0 0 0 0 0 0 0 0
339 4 1 1 0 0 0 0 0 0
341 4 0 0 0 0 0 0 0 0
343 4 0 0 0 0 0 0 0 0
345 4 0 0 0 0 0 0 0 0
347 4 1 1 0 0 0 0 0 0
349 4 0 0 0 0 0 0 0 0
351 4 0 0 0 0 0 0 0 0
353 4 0 0 0 0 0 0 0 0
355 4 1 1 0 0 0 0 0 0
357 4 0 0 0 0 0 0 0 0
359 4 0 0 0 0 0 0 0 0
361 4 1 1 0 0 0 0 0 0
367 2 0 0 0 0 0 0 0 0
369 2 0 0 0 0 0 0 0 0
371 2 0 0 0 0 0 0 0 0
374 4 0 0 0 0 0 0 0 0
376 4 0 0 0 0 0 0 0 0
378 4 0 0 0 0 0 0 0 0
381 2 0 0 1 0 0 1 0 0
382 2 0 0 2 0 0 0 0 0
fl=/usr/src/debug/gcc-6.3.1-20161221/obj-x86_64-redhat-linux/x86_64-redhat-linux/libstdc++-v3/include/bits/locale_classes.h
fn=_GLOBAL__sub_I_cxx11_locale_inst.cc
792 5 0 0 3 1 0 1 0 0
fn=_GLOBAL__sub_I_cxx11_wlocale_inst.cc
792 5 0 0 3 1 0 1 0 0
fn=_GLOBAL__sub_I_locale_inst.cc
792 5 0 0 3 1 0 1 0 0
fn=_GLOBAL__sub_I_wlocale_inst.cc
792 5 0 0 3 1 0 1 0 0
fl=/usr/src/debug/gcc-6.3.1-20161221/obj-x86_64-redhat-linux/x86_64-redhat-linux/libstdc++-v3/include/bits/locale_facets.h
fn=_GLOBAL__sub_I_cxx11_locale_inst.cc
1879 4 0 0 2 2 1 1 0 0
fn=_GLOBAL__sub_I_cxx11_wlocale_inst.cc
1879 4 0 0 2 2 1 1 0 0
fn=_GLOBAL__sub_I_locale_inst.cc
1879 4 0 0 2 1 0 1 0 0
2273 4 0 0 2 1 0 1 0 0
2553 4 1 1 2 1 0 1 0 0
fn=_GLOBAL__sub_I_wlocale_inst.cc
1879 4 0 0 2 1 0 1 0 0
2273 4 0 0 2 1 0 1 0 0
2553 4 1 1 2 0 0 1 0 0
fl=/usr/src/debug/gcc-6.3.1-20161221/obj-x86_64-redhat-linux/x86_64-redhat-linux/libstdc++-v3/include/bits/locale_facets_nonio.h
fn=_GLOBAL__sub_I_cxx11_locale_inst.cc
754 4 0 0 2 0 0 1 0 0
1373 8 0 0 4 3 1 2 0 0
1603 4 1 1 2 1 0 1 0 0
1760 4 0 0 2 1 0 1 0 0
1966 4 1 1 2 1 0 1 0 0
fn=_GLOBAL__sub_I_cxx11_wlocale_inst.cc
754 4 0 0 2 1 0 1 0 0
1373 8 0 0 4 3 1 2 0 0
1603 4 1 1 2 1 0 1 0 0
1760 4 0 0 2 0 0 1 0 0
1966 4 1 1 2 1 0 1 0 0
fn=_GLOBAL__sub_I_locale_inst.cc
318 4 0 0 2 1 0 1 0 0
754 4 0 0 2 1 0 1 0 0
887 4 0 0 2 2 1 1 0 0
1373 8 0 0 4 3 1 2 0 0
1603 4 1 1 2 1 0 1 0 0
1760 4 0 0 2 1 0 1 0 0
1966 4 1 1 2 1 0 1 0 0
fn=_GLOBAL__sub_I_wlocale_inst.cc
318 4 0 0 2 1 0 1 0 0
754 4 0 0 2 1 0 1 0 0
887 4 0 0 2 1 1 1 0 0
1373 8 0 0 4 2 1 2 0 0
1603 4 1 1 2 0 0 1 0 0
1760 4 0 0 2 0 0 1 0 0
1966 4 1 1 2 1 0 1 0 0
fl=/usr/src/debug/gcc-6.3.1-20161221/obj-x86_64-redhat-linux/x86_64-redhat-linux/libstdc++-v3/include/ext/bitmap_allocator.h
fn=_GLOBAL__sub_I_bitmap_allocator.cc
106 8 1 1 0 0 0 6 2 0
412 6 1 1 0 0 0 2 0 0
420 2 0 0 0 0 0 2 0 0
421 4 0 0 0 0 0 2 0 0
1094 8 1 1 2 1 0 2 0 0
1107 8 1 1 2 0 0 2 0 0
1112 8 0 0 2 0 0 2 0 0
fl=/usr/src/debug/gcc-6.3.1-20161221/obj-x86_64-redhat-linux/x86_64-redhat-linux/libstdc++-v3/include/ext/concurrence.h
fn=_GLOBAL__sub_I_bitmap_allocator.cc
132 29 0 0 1 0 0 20 2 0
fn=_GLOBAL__sub_I_eh_alloc.cc
132 5 1 1 0 0 0 5 1 0
fl=/usr/src/debug/gcc-6.3.1-20161221/obj-x86_64-redhat-linux/x86_64-redhat-linux/libstdc++-v3/include/parallel/settings.h
fn=_GLOBAL__sub_I_parallel_settings.cc
338 54 9 9 2 1 1 52 6 6
fl=/usr/src/debug/gcc-6.3.1-20161221/obj-x86_64-redhat-linux/x86_64-redhat-linux/libstdc++-v3/include/system_error
fn=std::_V2::error_category::~error_category()
66 3 0 0 3 0 0 0 0 0
fl=/usr/src/debug/gcc-6.3.1-20161221/obj-x86_64-redhat-linux/x86_64-redhat-linux/libstdc++-v3/libsupc++/../../../../libstdc++-v3/libsupc++/eh_alloc.cc
fn=_GLOBAL__sub_I_eh_alloc.cc
121 1 0 0 0 0 0 1 0 0
123 3 0 0 0 0 0 2 1 0
124 2 0 0 0 0 0 0 0 0
133 1 0 0 0 0 0 1 0 0
135 1 0 0 0 0 0 1 0 0
136 1 1 1 0 0 0 1 0 0
326 3 0 0 1 0 0 0 0 0
fl=/usr/src/debug/gcc-6.3.1-20161221/obj-x86_64-redhat-linux/x86_64-redhat-linux/libstdc++-v3/libsupc++/../../../../libstdc++-v3/libsupc++/guard.cc
fn=__cxa_guard_acquire
119 1 0 0 1 0 0 0 0 0
212 2 0 0 0 0 0 1 0 0
231 2 1 1 1 0 0 0 0 0
234 2 0 0 1 0 0 0 0 0
238 2 1 1 0 0 0 0 0 0
243 9 2 2 1 0 0 6 0 0
248 2 0 0 0 0 0 0 0 0
254 3 0 0 1 1 0 0 0 0
345 10 1 1 8 0 0 0 0 0
fn=__cxa_guard_release
135 2 0 0 0 0 0 1 0 0
212 1 1 1 0 0 0 1 0 0
388 4 2 2 1 0 0 1 0 0
392 2 0 0 1 0 0 0 0 0
425 5 0 0 3 0 0 0 0 0
fl=/usr/src/debug/gcc-6.3.1-20161221/obj-x86_64-redhat-linux/x86_64-redhat-linux/libstdc++-v3/libsupc++/../../../../libstdc++-v3/libsupc++/new_op.cc
fn=operator new(unsigned long)
43 2 1 1 0 0 0 1 0 0
48 3 0 0 0 0 0 0 0 0
50 4 0 0 0 0 0 1 0 0
59 2 0 0 2 0 0 0 0 0
fl=/usr/src/debug/gcc-6.3.1-20161221/obj-x86_64-redhat-linux/x86_64-redhat-linux/libstdc++-v3/libsupc++/../../../../libstdc++-v3/libsupc++/new_opv.cc
fn=operator new[](unsigned long)
32 1 1 1 0 0 0 0 0 0
fl=/usr/src/debug/gcc-6.3.1-20161221/obj-x86_64-redhat-linux/x86_64-redhat-linux/libstdc++-v3/src/../../../../libstdc++-v3/src/c++11/compatibility-c++0x.cc
fn=_GLOBAL__sub_I_compatibility_c__0x.cc
184 4 0 0 0 0 0 2 0 0
199 4 0 0 0 0 0 2 0 0
214 6 1 1 0 0 0 2 1 0
215 6 1 1 0 0 0 1 0 0
257 2 1 1 1 0 0 1 0 0
fn=std::(anonymous namespace)::generic_error_category::~generic_error_category()
184 3 1 1 0 0 0 1 0 0
fn=std::(anonymous namespace)::system_error_category::~system_error_category()
199 3 0 0 0 0 0 1 0 0
fn=std::error_category::error_category()
135 8 1 1 4 1 0 2 0 0
fn=std::error_category::~error_category()
135 2 0 0 2 0 0 0 0 0
fl=/usr/src/debug/gcc-6.3.1-20161221/obj-x86_64-redhat-linux/x86_64-redhat-linux/libstdc++-v3/src/../../../../libstdc++-v3/src/c++11/compatibility-thread-c++0x.cc
fn=_GLOBAL__sub_I_compatibility_thread_c__0x.cc
49 3 1 1 1 1 0 2 1 0
124 3 0 0 1 0 0 0 0 0
fl=/usr/src/debug/gcc-6.3.1-20161221/obj-x86_64-redhat-linux/x86_64-redhat-linux/libstdc++-v3/src/c++11/../../../../../libstdc++-v3/src/c++11/future.cc
fn=(anonymous namespace)::future_error_category::~future_error_category()
29 3 1 1 0 0 0 1 0 0
fn=std::future_category()
64 13 2 2 1 1 1 3 0 0
74 4 0 0 1 0 0 0 0 0
fl=/usr/src/debug/gcc-6.3.1-20161221/obj-x86_64-redhat-linux/x86_64-redhat-linux/libstdc++-v3/src/c++11/../../../../../libstdc++-v3/src/c++11/system_error.cc
fn=(anonymous namespace)::generic_error_category::~generic_error_category()
38 3 1 1 0 0 0 1 0 0
fn=(anonymous namespace)::system_error_category::~system_error_category()
54 3 1 1 0 0 0 1 1 1
fn=_GLOBAL__sub_I_system_error.cc
70 4 0 0 0 0 0 1 0 0
71 4 1 1 0 0 0 0 0 0
184 2 0 0 0 0 0 0 0 0
fl=/usr/src/debug/glibc-2.24-33-ge9e69e4/csu/../csu/init-first.c
fn=_init
52 8 2 2 0 0 0 4 0 0
58 7 0 0 2 1 0 1 1 0
65 5 1 1 4 2 0 0 0 0
70 1 0 0 0 0 0 1 1 1
71 1 1 1 0 0 0 1 1 1
72 2 0 0 1 1 0 1 1 1
86 4 0 0 0 0 0 1 0 0
94 1 0 0 0 0 0 1 0 0
99 6 0 0 5 0 0 0 0 0
fl=/usr/src/debug/glibc-2.24-33-ge9e69e4/csu/../csu/libc-start.c
fn=(below main)
134 10 1 1 0 0 0 8 0 0
138 9 1 1 2 0 0 1 0 0
218 2 0 0 0 0 0 0 0 0
219 4 0 0 0 0 0 1 0 0
241 4 0 0 2 0 0 0 0 0
244 2 0 0 0 0 0 0 0 0
245 5 1 1 4 0 0 1 0 0
249 4 0 0 2 1 0 0 0 0
264 2 0 0 0 0 0 0 0 0
276 2 0 0 0 0 0 1 0 0
277 2 0 0 0 0 0 0 0 0
282 2 1 1 1 1 0 1 0 0
283 2 0 0 1 1 0 1 0 0
286 2 0 0 0 0 0 1 0 0
289 6 1 1 5 0 0 1 0 0
323 2 0 0 0 0 0 1 0 0
fl=/usr/src/debug/glibc-2.24-33-ge9e69e4/csu/../sysdeps/generic/dl-hash.h
fn=_init
45 12 0 0 4 1 0 0 0 0
48 12 0 0 0 0 0 0 0 0
62 16 1 1 0 0 0 0 0 0
67 1 0 0 0 0 0 0 0 0
fl=/usr/src/debug/glibc-2.24-33-ge9e69e4/csu/../sysdeps/unix/sysv/linux/x86_64/init-first.c
fn=_init
36 10 0 0 0 0 0 4 0 0
38 4 0 0 0 0 0 1 0 0
39 2 0 0 0 0 0 0 0 0
40 2 1 1 0 0 0 0 0 0
41 2 0 0 1 0 0 0 0 0
42 1 0 0 0 0 0 1 0 0
44 3 1 1 0 0 0 1 0 0
45 2 0 0 1 0 0 0 0 0
46 1 0 0 0 0 0 1 0 0
fl=/usr/src/debug/glibc-2.24-33-ge9e69e4/ctype/ctype-info.c
fn=__ctype_init
31 7 1 1 5 2 0 1 0 0
33 4 0 0 2 1 0 1 0 0
35 5 1 1 3 1 0 1 0 0
fl=/usr/src/debug/glibc-2.24-33-ge9e69e4/elf/../elf/dl-runtime.c
fn=_dl_fixup
66 36 1 1 0 0 0 12 0 0
68 12 0 0 12 0 0 0 0 0
69 24 0 0 24 4 2 0 0 0
72 60 0 0 24 6 1 0 0 0
73 84 1 1 24 9 2 12 0 0
74 36 0 0 24 0 0 0 0 0
79 24 0 0 0 0 0 0 0 0
83 24 0 0 12 12 11 0 0 0
87 36 1 1 12 4 1 0 0 0
91 24 0 0 24 13 3 0 0 0
92 48 0 0 12 2 1 0 0 0
94 48 0 0 12 7 2 0 0 0
100 12 0 0 0 0 0 0 0 0
101 36 1 1 12 0 0 0 0 0
111 120 0 0 24 4 1 36 1 0
115 60 0 0 36 0 0 0 0 0
125 72 1 1 24 0 0 0 0 0
133 12 0 0 12 0 0 0 0 0
141 48 0 0 12 0 0 0 0 0
145 36 0 0 12 2 1 0 0 0
149 36 0 0 24 0 0 0 0 0
fl=/usr/src/debug/glibc-2.24-33-ge9e69e4/elf/../elf/dl-sysdep.c
fn=_dl_sysdep_start
86 8 1 1 0 0 0 6 1 1
110 1 0 0 0 0 0 1 0 0
111 173 1 1 56 8 8 4 2 2
114 2 0 0 0 0 0 1 0 0
115 1 0 0 0 0 0 1 1 1
117 132 6 6 34 3 3 17 1 1
118 107 0 0 18 3 3 0 0 0
121 1 0 0 1 0 0 0 0 0
122 1 0 0 0 0 0 0 0 0
124 1 1 1 1 1 1 0 0 0
125 1 0 0 0 0 0 0 0 0
127 1 1 1 1 1 1 0 0 0
128 2 0 0 0 0 0 0 0 0
130 1 0 0 1 0 0 0 0 0
131 2 0 0 0 0 0 0 0 0
151 1 1 1 1 1 1 0 0 0
152 2 0 0 0 0 0 0 0 0
154 1 0 0 1 0 0 0 0 0
155 2 0 0 0 0 0 0 0 0
157 2 1 1 1 0 0 1 0 0
158 2 0 0 0 0 0 0 0 0
163 2 0 0 1 0 0 1 0 0
164 2 0 0 0 0 0 1 0 0
179 2 0 0 1 0 0 1 0 0
180 2 0 0 0 0 0 1 0 0
231 3 0 0 1 0 0 0 0 0
232 2 0 0 0 0 0 2 0 0
234 5 1 1 0 0 0 1 0 0
246 3 0 0 1 0 0 0 0 0
249 5 0 0 1 0 0 1 0 0
251 9 2 1 8 2 0 0 0 0
fn=_dl_sysdep_start_cleanup
256 1 1 1 1 0 0 0 0 0
fl=/usr/src/debug/glibc-2.24-33-ge9e69e4/elf/../include/scratch_buffer.h
fn=_dl_map_object_deps
78 5 1 1 0 0 0 3 0 0
79 1 0 0 0 0 0 1 0 0
86 5 1 1 2 0 0 0 0 0
132 15 0 0 5 0 0 5 0 0
fl=/usr/src/debug/glibc-2.24-33-ge9e69e4/elf/../misc/sbrk.c
fn=sbrk
34 4 1 1 0 0 0 2 0 0
42 6 0 0 2 1 1 0 0 0
46 2 1 1 0 0 0 0 0 0
62 5 0 0 3 0 0 0 0 0
fl=/usr/src/debug/glibc-2.24-33-ge9e69e4/elf/../sysdeps/generic/ldsodefs.h
fn=_dl_relocate_object
101 9666 0 0 3222 0 0 0 0 0
fn=do_lookup_x
101 6039 1 1 2013 0 0 0 0 0
fl=/usr/src/debug/glibc-2.24-33-ge9e69e4/elf/../sysdeps/posix/dl-fileid.h
fn=_dl_map_object_from_fd
35 30 1 1 0 0 0 5 0 0
38 5 0 0 5 0 0 0 0 0
39 10 0 0 5 0 0 5 0 0
47 60 0 0 30 1 1 0 0 0
fl=/usr/src/debug/glibc-2.24-33-ge9e69e4/elf/../sysdeps/unix/sysv/linux/dl-osinfo.h
fn=dl_main
64 2 0 0 1 1 0 0 0 0
77 1 0 0 1 0 0 0 0 0
fl=/usr/src/debug/glibc-2.24-33-ge9e69e4/elf/../sysdeps/unix/sysv/linux/dl-sysdep.c
fn=_dl_discover_osversion
45 7 2 2 0 0 0 6 0 0
47 4 0 0 1 0 0 1 1 1
87 5 1 1 0 0 0 1 1 1
102 1 0 0 0 0 0 0 0 0
106 1 0 0 0 0 0 0 0 0
107 1 0 0 0 0 0 0 0 0
109 12 0 0 3 1 1 0 0 0
111 6 0 0 0 0 0 0 0 0
113 22 1 1 5 0 0 0 0 0
115 2 0 0 0 0 0 0 0 0
116 4 0 0 0 0 0 0 0 0
119 3 0 0 0 0 0 0 0 0
120 3 0 0 0 0 0 0 0 0
121 3 0 0 0 0 0 0 0 0
123 13 1 1 0 0 0 0 0 0
128 2 0 0 0 0 0 0 0 0
132 8 0 0 7 0 0 0 0 0
fn=_dl_sysdep_start
35 2 0 0 0 0 0 1 0 0
fl=/usr/src/debug/glibc-2.24-33-ge9e69e4/elf/../sysdeps/unix/sysv/linux/dl-vdso.c
fn=_dl_vdso_vsym
27 8 1 1 8 2 0 0 0 0
28 4 1 1 0 0 0 0 0 0
31 8 0 0 0 0 0 0 0 0
48 4 0 0 4 0 0 0 0 0
fl=/usr/src/debug/glibc-2.24-33-ge9e69e4/elf/../sysdeps/unix/sysv/linux/x86_64/brk.c
fn=brk
31 7 1 1 0 0 0 1 1 1
33 2 0 0 0 0 0 0 0 0
39 1 0 0 0 0 0 0 0 0
40 1 0 0 1 0 0 0 0 0
fl=/usr/src/debug/glibc-2.24-33-ge9e69e4/elf/../sysdeps/x86/cpu-features.c
fn=_dl_sysdep_start
98 1 0 0 0 0 0 1 0 0
99 1 1 1 0 0 0 1 0 0
110 3 0 0 0 0 0 1 0 0
113 8 0 0 0 0 0 0 0 0
117 2 0 0 0 0 0 0 0 0
119 4 1 1 0 0 0 1 0 0
121 3 1 1 1 0 0 0 0 0
123 1 1 1 1 0 0 0 0 0
124 3 1 1 2 0 0 1 0 0
125 7 0 0 1 1 1 0 0 0
131 2 1 1 0 0 0 1 0 0
195 3 0 0 1 0 0 0 0 0
207 4 0 0 0 0 0 0 0 0
212 3 0 0 0 0 0 1 0 0
213 2 0 0 1 0 0 0 0 0
220 1 1 1 1 0 0 0 0 0
271 3 1 1 1 0 0 0 0 0
272 1 0 0 1 0 0 0 0 0
275 2 1 1 0 0 0 0 0 0
276 1 0 0 1 0 0 0 0 0
282 1 0 0 0 0 0 1 0 0
283 1 0 0 0 0 0 1 0 0
284 1 0 0 0 0 0 1 0 0
fn=get_common_indeces.constprop.1
23 1 0 0 0 0 0 1 0 0
27 3 1 1 0 0 0 0 0 0
30 5 0 0 0 0 0 3 1 1
33 1 0 0 0 0 0 1 0 0
34 4 1 1 0 0 0 1 0 0
35 4 0 0 0 0 0 1 0 0
36 4 0 0 0 0 0 1 0 0
37 2 0 0 1 0 0 0 0 0
44 2 0 0 1 0 0 0 0 0
45 7 1 1 0 0 0 4 0 0
52 3 0 0 1 0 0 0 0 0
92 2 0 0 2 0 0 0 0 0
fl=/usr/src/debug/glibc-2.24-33-ge9e69e4/elf/../sysdeps/x86_64/dl-machine.h
fn=_dl_fixup
259 12 0 0 0 0 0 12 0 0
fn=_dl_relocate_object
79 40 0 0 7 0 0 0 0 0
85 10 0 0 10 2 0 0 0 0
89 15 1 1 5 5 4 0 0 0
95 5 0 0 0 0 0 5 0 0
103 15 0 0 5 0 0 0 0 0
105 5 0 0 5 1 0 0 0 0
123 10 0 0 0 0 0 0 0 0
132 10 0 0 0 0 0 0 0 0
145 15 1 1 0 0 0 5 0 0
149 21 1 1 7 6 1 0 0 0
293 6474 1 1 0 0 0 0 0 0
314 6474 0 0 0 0 0 0 0 0
318 6474 0 0 0 0 0 0 0 0
325 153421 17 17 31776 1713 1275 19410 4 0
327 16102 0 0 6436 2 1 0 0 0
330 12904 0 0 3226 0 0 0 0 0
336 19422 1 1 3237 9 3 0 0 0
369 6 1 1 0 0 0 0 0 0
370 9 0 0 3 2 0 3 1 1
377 6 1 1 2 0 0 0 0 0
379 4 0 0 4 0 0 0 0 0
388 4 0 0 0 0 0 2 0 0
431 45 1 1 15 0 0 0 0 0
435 75 0 0 15 1 0 0 0 0
440 3262 1 1 3247 405 404 0 0 0
449 6464 0 0 0 0 0 3232 1134 426
492 18 0 0 0 0 0 6 0 0
515 16 1 1 16 0 0 0 0 0
516 8 0 0 0 0 0 8 0 0
517 16 0 0 0 0 0 8 2 2
536 5877 0 0 1959 494 492 0 0 0
541 3918 0 0 0 0 0 0 0 0
542 5877 0 0 1959 243 243 1959 444 440
552 1770 0 0 892 0 0 0 0 0
556 1756 0 0 0 0 0 0 0 0
558 2634 0 0 878 0 0 0 0 0
559 878 0 0 878 111 108 0 0 0
576 28 0 0 28 0 0 0 0 0
578 14 0 0 0 0 0 14 0 0
579 14 0 0 0 0 0 14 0 0
fn=_dl_start
59 3 0 0 1 1 1 0 0 0
79 1 0 0 1 0 0 0 0 0
290 6 0 0 0 0 0 0 0 0
318 12 0 0 0 0 0 0 0 0
327 24 0 0 12 1 1 0 0 0
330 24 0 0 6 5 5 0 0 0
336 37 0 0 6 1 1 0 0 0
355 18 1 1 6 1 1 6 1 1
423 1 1 1 0 0 0 0 0 0
541 20 0 0 10 1 1 0 0 0
542 30 0 0 10 1 1 10 2 2
fn=_dl_sysdep_start
243 5 0 0 2 1 1 0 0 0
fl=/usr/src/debug/glibc-2.24-33-ge9e69e4/elf/./dl-load.h
fn=_dl_map_object_from_fd
90 20 0 0 0 0 0 0 0 0
91 15 1 1 10 0 0 5 0 0
93 20 0 0 10 1 1 0 0 0
94 20 1 1 12 0 0 0 0 0
95 24 1 1 8 0 0 0 0 0
96 16 0 0 4 0 0 0 0 0
98 16 0 0 0 0 0 4 0 0
fl=/usr/src/debug/glibc-2.24-33-ge9e69e4/elf/./dl-map-segments.h
fn=_dl_map_object_from_fd
50 15 0 0 5 0 0 5 0 0
56 40 0 0 15 0 0 10 1 1
60 15 1 1 5 0 0 0 0 0
63 15 0 0 5 0 0 5 0 0
64 10 0 0 0 0 0 5 0 0
66 10 0 0 5 0 0 0 0 0
72 35 0 0 10 0 0 5 0 0
73 20 1 1 10 0 0 0 0 0
76 10 0 0 10 0 0 0 0 0
86 50 0 0 10 0 0 0 0 0
88 20 1 1 10 0 0 0 0 0
90 70 1 1 25 0 0 10 0 0
100 40 0 0 20 0 0 0 0 0
106 10 0 0 5 0 0 0 0 0
107 5 0 0 0 0 0 0 0 0
108 25 1 1 5 0 0 0 0 0
109 10 0 0 0 0 0 0 0 0
116 10 0 0 0 0 0 0 0 0
119 10 0 0 0 0 0 0 0 0
127 55 0 0 15 0 0 20 0 0
133 10 0 0 0 0 0 0 0 0
137 18 1 1 0 0 0 4 0 0
140 6 0 0 2 0 0 0 0 0
145 10 1 1 0 0 0 0 0 0
fl=/usr/src/debug/glibc-2.24-33-ge9e69e4/elf/dl-addr.c
fn=_dl_addr
30 2 0 0 1 0 0 1 0 0
31 2 0 0 1 0 0 1 0 0
34 2 1 1 1 0 0 0 0 0
38 1 0 0 1 0 0 0 0 0
39 1 0 0 1 0 0 0 0 0
40 3 0 0 2 0 0 1 0 0
42 2 0 0 2 0 0 0 0 0
45 2 0 0 1 1 0 0 0 0
50 2030 1 1 2 0 0 0 0 0
52 1011 0 0 1011 62 20 0 0 0
53 2022 0 0 0 0 0 0 0 0
55 3628 0 0 907 0 0 0 0 0
61 11195 1 1 2239 483 436 0 0 0
63 8956 0 0 2239 0 0 0 0 0
64 16364 1 1 5120 355 326 0 0 0
69 2239 0 0 0 0 0 0 0 0
71 9060 1 1 2239 139 79 0 0 0
100 3 0 0 1 1 0 0 0 0
101 1 0 0 0 0 0 1 1 0
102 3 0 0 1 0 0 0 0 0
105 2 0 0 0 0 0 0 0 0
117 1 1 1 0 0 0 1 1 0
118 1 0 0 0 0 0 1 0 0
127 11 2 2 0 0 0 8 0 0
132 3 0 0 2 0 0 1 0 0
134 2 0 0 0 0 0 1 0 0
136 2 0 0 0 0 0 0 0 0
139 2 1 1 0 0 0 0 0 0
142 2 0 0 1 1 0 1 0 0
145 9 0 0 7 0 0 0 0 0
fl=/usr/src/debug/glibc-2.24-33-ge9e69e4/elf/dl-cache.c
fn=_dl_cache_libcmp
138 129 1 1 86 32 32 0 0 0
139 464 1 1 0 0 0 0 0 0
141 684 0 0 0 0 0 0 0 0
143 236 0 0 0 0 0 0 0 0
149 8 0 0 0 0 0 0 0 0
150 8 0 0 0 0 0 0 0 0
151 20 0 0 4 0 0 0 0 0
153 20 1 1 4 0 0 0 0 0
155 8 0 0 0 0 0 0 0 0
161 448 1 1 0 0 0 0 0 0
163 818 0 0 370 1 1 0 0 0
164 78 0 0 39 0 0 0 0 0
167 185 0 0 0 0 0 0 0 0
168 185 0 0 0 0 0 0 0 0
171 12 0 0 4 0 0 0 0 0
fn=_dl_load_cache_lookup
185 36 1 1 0 0 0 24 0 0
193 8 1 1 4 0 0 0 0 0
196 12 0 0 4 0 0 0 0 0
199 5 1 1 0 0 0 1 1 1
207 5 0 0 1 0 0 0 0 0
208 6 1 1 0 0 0 1 0 0
212 1 0 0 0 0 0 1 0 0
215 4 0 0 1 0 0 0 0 0
218 2 0 0 0 0 0 1 0 0
219 3 1 1 0 0 0 0 0 0
220 6 0 0 0 0 0 1 0 0
241 12 0 0 6 0 0 0 0 0
247 8 0 0 0 0 0 0 0 0
255 16 1 1 0 0 0 4 0 0
262 32 0 0 8 0 0 12 0 0
263 28 1 1 12 0 0 0 0 0
275 991 7 7 138 33 33 98 0 0
291 8 0 0 4 0 0 0 0 0
295 8 0 0 4 0 0 0 0 0
303 36 1 1 4 0 0 4 0 0
304 12 0 0 0 0 0 4 0 0
305 8 0 0 0 0 0 4 0 0
306 32 0 0 28 0 0 0 0 0
fn=_dl_unload_cache
315 1 0 0 0 0 0 0 0 0
316 4 1 1 1 1 0 0 0 0
318 2 0 0 1 0 0 1 0 0
319 1 1 1 0 0 0 1 0 0
321 2 0 0 1 0 0 0 0 0
fl=/usr/src/debug/glibc-2.24-33-ge9e69e4/elf/dl-debug.c
fn=_dl_debug_initialize
50 14 1 1 0 0 0 0 0 0
51 7 1 1 7 0 0 0 0 0
55 26 0 0 7 0 0 0 0 0
58 1 0 0 0 0 0 1 0 0
59 9 0 0 6 0 0 1 0 0
60 5 1 1 1 0 0 1 0 0
61 2 0 0 0 0 0 1 0 0
64 1 0 0 1 0 0 0 0 0
fn=_dl_debug_state
74 2 0 0 2 0 0 0 0 0
fl=/usr/src/debug/glibc-2.24-33-ge9e69e4/elf/dl-deps.c
fn=_dl_map_object_deps
145 4 0 0 0 0 0 2 0 0
146 2 1 1 0 0 0 2 0 0
147 7 1 1 0 0 0 2 0 0
153 9 0 0 2 0 0 3 0 0
161 11 0 0 0 0 0 9 0 0
162 9 2 2 0 0 0 0 0 0
179 10 0 0 1 0 0 0 0 0
180 1 0 0 1 0 0 0 0 0
183 3 0 0 0 0 0 2 0 0
201 2 0 0 1 0 0 1 0 0
202 2 0 0 0 0 0 1 0 0
203 1 1 1 0 0 0 1 0 0
204 3 0 0 0 0 0 3 0 0
210 4 0 0 0 0 0 0 0 0
213 7 0 0 0 0 0 7 0 0
217 28 0 0 7 0 0 7 0 0
218 46 2 2 20 1 1 0 0 0
221 15 0 0 0 0 0 0 0 0
225 15 1 1 5 0 0 5 0 0
228 22 0 0 11 1 0 0 0 0
230 15 0 0 10 0 0 5 0 0
235 5 0 0 0 0 0 5 0 0
236 5 1 1 0 0 0 5 0 0
237 10 0 0 5 0 0 5 0 0
238 10 0 0 5 0 0 5 0 0
241 579 1 1 151 12 0 5 0 0
242 272 1 1 0 0 0 0 0 0
248 84 0 0 24 0 0 12 0 0
250 12 0 0 0 0 0 12 0 0
253 72 1 1 48 0 0 12 0 0
255 36 0 0 12 0 0 0 0 0
270 12 0 0 12 0 0 0 0 0
272 24 1 1 12 0 0 0 0 0
277 15 0 0 0 0 0 0 0 0
280 5 0 0 0 0 0 5 0 0
281 5 0 0 0 0 0 5 0 0
282 5 0 0 0 0 0 5 0 0
283 10 0 0 5 0 0 5 0 0
285 5 0 0 5 0 0 0 0 0
287 30 1 1 5 0 0 10 0 0
291 36 0 0 12 0 0 0 0 0
292 24 0 0 0 0 0 8 0 0
294 372 0 0 0 0 0 0 0 0
307 18 1 1 6 0 0 6 0 0
316 22 1 1 0 0 0 8 0 0
458 21 1 1 7 0 0 0 0 0
460 15 0 0 0 0 0 5 0 0
462 10 1 1 0 0 0 5 0 0
463 10 0 0 0 0 0 0 0 0
464 10 0 0 0 0 0 0 0 0
470 5 0 0 0 0 0 5 1 1
471 25 0 0 5 0 0 5 0 0
472 25 0 0 0 0 0 5 0 0
475 5 0 0 0 0 0 5 0 0
476 5 0 0 5 0 0 0 0 0
480 28 1 1 14 0 0 0 0 0
482 7 0 0 7 0 0 0 0 0
483 34 1 1 8 0 0 0 0 0
489 6 1 1 2 0 0 0 0 0
490 1 0 0 0 0 0 1 0 0
493 5 0 0 2 0 0 1 0 0
503 2 0 0 0 0 0 1 0 0
504 2 1 1 0 0 0 0 0 0
506 2 0 0 0 0 0 0 0 0
511 6 1 1 3 0 0 1 0 0
512 11 0 0 7 0 0 1 0 0
514 22 0 0 7 0 0 1 0 0
520 21 1 1 0 0 0 7 2 2
524 14 0 0 14 0 0 0 0 0
527 2 0 0 1 0 0 0 0 0
578 3 0 0 2 0 0 0 0 0
579 1 1 1 0 0 0 1 0 0
580 3 0 0 1 0 0 0 0 0
615 8 1 1 1 0 0 2 0 0
617 2 0 0 0 0 0 0 0 0
618 1 1 1 0 0 0 1 0 0
621 14 1 1 1 0 0 1 0 0
622 5 1 1 0 0 0 0 0 0
623 6 0 0 1 0 0 2 0 0
627 24 0 0 6 0 0 12 0 0
628 12 0 0 6 0 0 0 0 0
634 53 0 0 6 0 0 0 0 0
636 60 1 1 30 0 0 0 0 0
637 40 0 0 0 0 0 0 0 0
639 105 0 0 35 0 0 0 0 0
640 75 0 0 0 0 0 0 0 0
659 2 1 1 1 0 0 0 0 0
662 15 1 1 0 0 0 0 0 0
665 22 0 0 6 0 0 0 0 0
668 75 2 2 15 0 0 20 0 0
675 2 0 0 1 0 0 1 0 0
677 2 0 0 1 0 0 1 0 0
678 1 0 0 1 0 0 0 0 0
679 3 0 0 1 0 0 0 0 0
686 3 1 1 1 0 0 0 0 0
689 3 0 0 1 0 0 0 0 0
692 8 0 0 7 0 0 0 0 0
fn=openaux
61 24 1 1 0 0 0 12 0 0
64 84 1 1 48 0 0 24 0 0
66 48 0 0 12 0 0 0 0 0
68 12 0 0 12 0 0 0 0 0
69 24 0 0 24 0 0 0 0 0
fl=/usr/src/debug/glibc-2.24-33-ge9e69e4/elf/dl-environ.c
fn=_dl_next_ld_env_entry
30 2 1 1 2 0 0 0 0 0
33 166 0 0 55 0 0 0 0 0
35 108 0 0 54 27 27 0 0 0
36 14 0 0 7 0 0 0 0 0
38 1 0 0 0 0 0 0 0 0
41 2 1 1 0 0 0 1 0 0
43 1 0 0 1 0 0 0 0 0
46 53 0 0 0 0 0 0 0 0
50 1 0 0 1 0 0 0 0 0
fl=/usr/src/debug/glibc-2.24-33-ge9e69e4/elf/dl-error.c
fn=_dl_catch_error
163 52 1 1 0 0 0 39 0 0
175 26 1 1 0 0 0 26 1 1
176 26 0 0 0 0 0 26 0 0
177 26 0 0 0 0 0 26 1 1
178 26 0 0 0 0 0 13 0 0
180 13 0 0 13 0 0 13 0 0
181 26 0 0 13 0 0 13 0 0
182 39 1 1 0 0 0 26 0 0
185 78 0 0 0 0 0 13 0 0
187 39 0 0 26 0 0 13 0 0
188 39 0 0 26 0 0 13 0 0
189 26 1 1 13 0 0 13 0 0
190 26 0 0 13 0 0 13 0 0
191 26 0 0 13 0 0 13 0 0
199 52 0 0 26 0 0 0 0 0
fn=_dl_receive_error
205 10 1 1 0 0 0 6 0 0
206 2 0 0 1 0 0 1 0 0
210 1 0 0 1 0 0 0 0 0
211 1 0 0 1 0 0 0 0 0
214 1 0 0 0 0 0 1 0 0
215 1 0 0 0 0 0 1 0 0
217 2 0 0 0 0 0 1 0 0
219 1 1 1 0 0 0 1 0 0
220 1 0 0 0 0 0 1 0 0
221 8 0 0 7 0 0 0 0 0
fl=/usr/src/debug/glibc-2.24-33-ge9e69e4/elf/dl-fini.c
fn=_dl_fini
31 1 0 0 0 0 0 1 0 0
33 2 0 0 0 0 0 0 0 0
38 3 0 0 0 0 0 1 0 0
39 8 0 0 0 0 0 0 0 0
40 4 1 1 0 0 0 1 0 0
44 18 0 0 6 0 0 6 0 0
45 18 0 0 12 0 0 0 0 0
49 24 0 0 12 0 0 0 0 0
55 12 0 0 6 0 0 0 0 0
56 47 0 0 21 0 0 0 0 0
58 75 1 1 45 2 2 0 0 0
59 40 0 0 0 0 0 0 0 0
61 105 0 0 35 4 4 0 0 0
62 75 0 0 0 0 0 0 0 0
81 4 0 0 1 0 0 1 0 0
92 45 1 1 15 0 0 0 0 0
113 15 0 0 0 0 0 0 0 0
117 30 0 0 6 0 0 6 0 0
120 41 1 1 5 0 0 5 0 0
130 8 1 1 0 0 0 6 1 1
150 15 1 1 3 1 1 2 1 1
153 2 1 1 1 1 1 1 1 1
155 1 0 0 1 1 1 0 0 0
158 2 0 0 0 0 0 0 0 0
160 8 0 0 3 1 1 1 0 0
165 1 0 0 0 0 0 1 0 0
168 8 1 1 0 0 0 1 0 0
173 23 0 0 7 2 2 0 0 0
175 14 0 0 7 7 7 0 0 0
177 14 0 0 0 0 0 0 0 0
179 14 1 1 0 0 0 7 1 1
180 7 0 0 0 0 0 7 7 7
181 7 0 0 0 0 0 0 0 0
185 7 0 0 7 6 6 0 0 0
187 9 0 0 1 0 0 1 0 0
188 2 0 0 1 0 0 0 0 0
192 2 1 1 1 0 0 1 0 0
201 3 2 2 2 0 0 1 0 0
206 20 0 0 10 0 0 0 0 0
208 7 0 0 7 0 0 0 0 0
210 21 0 0 7 0 0 0 0 0
213 14 0 0 0 0 0 7 0 0
216 21 1 1 7 7 7 0 0 0
217 6 0 0 2 2 2 0 0 0
220 10 0 0 5 1 1 0 0 0
231 10 0 0 10 8 8 0 0 0
232 5 0 0 5 2 2 0 0 0
233 10 0 0 5 2 2 0 0 0
234 35 0 0 5 5 5 0 0 0
235 10 1 1 5 5 5 5 0 0
239 10 0 0 0 0 0 0 0 0
240 15 0 0 10 3 3 5 0 0
246 42 0 0 14 1 1 0 0 0
262 14 1 1 7 0 0 0 0 0
268 6 1 1 2 0 0 0 0 0
274 2 0 0 1 0 0 0 0 0
281 8 1 1 7 0 0 0 0 0
fl=/usr/src/debug/glibc-2.24-33-ge9e69e4/elf/dl-hwcaps.c
fn=_dl_important_hwcaps
39 12 2 2 0 0 0 10 2 2
41 4 0 0 2 0 0 2 0 0
42 3 0 0 0 0 0 0 0 0
50 3 0 0 0 0 0 0 0 0
60 4 1 1 1 0 0 1 0 0
112 1 1 1 0 0 0 0 0 0
115 6 0 0 0 0 0 0 0 0
116 1 0 0 0 0 0 0 0 0
147 3 1 1 0 0 0 0 0 0
155 4 0 0 1 0 0 0 0 0
157 1 0 0 0 0 0 1 0 0
158 5 1 1 1 0 0 1 0 0
162 3 0 0 0 0 0 1 0 0
163 1 0 0 0 0 0 1 0 0
166 2 0 0 0 0 0 0 0 0
169 2 0 0 0 0 0 0 0 0
173 10 1 1 2 0 0 2 0 0
174 3 0 0 0 0 0 1 0 0
192 10 1 1 1 0 0 4 0 0
193 5 0 0 0 0 0 2 0 0
194 2 0 0 0 0 0 0 0 0
220 5 1 1 0 0 0 3 1 1
223 2 0 0 0 0 0 0 0 0
225 7 2 2 2 0 0 2 0 0
226 8 0 0 2 0 0 2 0 0
239 2 0 0 0 0 0 0 0 0
251 28 3 3 3 0 0 2 0 0
252 8 0 0 0 0 0 4 0 0
256 19 0 0 1 0 0 0 0 0
259 18 0 0 0 0 0 0 0 0
260 24 1 1 0 0 0 0 0 0
261 12 0 0 8 0 0 0 0 0
263 4 0 0 0 0 0 0 0 0
266 3 0 0 1 0 0 0 0 0
267 2 0 0 1 0 0 0 0 0
268 12 2 2 3 0 0 0 0 0
281 6 0 0 2 0 0 2 0 0
282 2 0 0 0 0 0 0 0 0
284 4 0 0 0 0 0 0 0 0
287 4 1 1 3 0 0 1 0 0
290 9 0 0 8 0 0 0 0 0
fl=/usr/src/debug/glibc-2.24-33-ge9e69e4/elf/dl-init.c
fn=_dl_init
30 46 1 1 8 2 0 6 0 0
80 11 1 1 0 0 0 6 0 0
81 1 0 0 1 1 0 0 0 0
82 1 0 0 1 0 0 0 0 0
85 3 0 0 1 0 0 0 0 0
88 2 1 1 0 0 0 1 0 0
93 2 0 0 0 0 0 0 0 0
94 2 1 1 1 0 0 0 0 0
104 2 1 1 0 0 0 1 0 0
119 24 0 0 0 0 0 0 0 0
120 21 0 0 14 3 0 0 0 0
123 2 0 0 0 0 0 1 1 0
124 8 0 0 7 1 0 0 0 0
fn=call_init.part.0
28 42 0 0 0 0 0 30 0 0
36 21 0 0 7 0 0 7 0 0
39 28 1 1 14 3 0 0 0 0
40 2 1 1 0 0 0 0 0 0
44 30 0 0 6 3 0 0 0 0
45 3 0 0 1 0 0 0 0 0
49 10 0 0 5 0 0 0 0 0
58 35 1 1 15 9 0 5 0 0
62 10 0 0 0 0 0 0 0 0
68 15 0 0 10 1 0 0 0 0
70 10 0 0 10 2 0 0 0 0
71 57 1 1 0 0 0 0 0 0
72 80 0 0 16 5 0 16 0 0
74 37 0 0 37 1 0 0 0 0
fl=/usr/src/debug/glibc-2.24-33-ge9e69e4/elf/dl-load.c
fn=_dl_init_paths
660 9 1 1 0 0 0 6 0 0
673 6 1 1 2 0 0 2 0 0
677 1 0 0 0 0 0 1 0 0
678 2 0 0 0 0 0 1 0 0
679 2 0 0 0 0 0 0 0 0
686 4 0 0 0 0 0 0 0 0
687 5 1 1 1 0 0 1 0 0
690 1 0 0 0 0 0 1 0 0
691 5 0 0 0 0 0 1 0 0
693 2 0 0 0 0 0 0 0 0
699 1 0 0 0 0 0 1 0 0
700 1 0 0 0 0 0 1 0 0
708 1 0 0 0 0 0 1 0 0
710 3 0 0 0 0 0 2 1 1
711 2 1 1 0 0 0 2 0 0
713 4 0 0 0 0 0 2 0 0
714 2 0 0 0 0 0 2 1 1
719 6 1 1 2 0 0 0 0 0
720 8 1 1 1 0 0 3 0 0
722 4 0 0 0 0 0 2 0 0
728 1 0 0 0 0 0 1 1 1
729 1 0 0 0 0 0 1 0 0
733 1 0 0 1 0 0 0 0 0
734 2 0 0 0 0 0 0 0 0
736 4 1 1 1 0 0 0 0 0
738 3 0 0 1 0 0 0 0 0
755 2 0 0 0 0 0 1 0 0
757 3 1 1 1 0 0 0 0 0
771 2 1 1 0 0 0 1 0 0
776 2 1 1 0 0 0 0 0 0
831 1 0 0 0 0 0 1 0 0
832 8 0 0 7 0 0 0 0 0
fn=_dl_map_object
371 5 0 0 0 0 0 1 0 0
375 2 0 0 0 0 0 1 0 0
637 36 3 3 12 0 0 0 0 0
1943 117 1 1 0 0 0 104 3 3
1945 5 0 0 0 0 0 0 0 0
1951 26 0 0 0 0 0 0 0 0
1952 52 1 1 13 0 0 0 0 0
1955 254 0 0 63 0 0 0 0 0
1960 406 1 1 58 0 0 0 0 0
1962 290 0 0 0 0 0 58 1 1
1966 100 0 0 50 0 0 0 0 0
1967 150 0 0 50 0 0 0 0 0
1970 28 0 0 28 0 0 0 0 0
1971 56 0 0 56 0 0 0 0 0
1972 112 1 1 0 0 0 28 0 0
1990 10 1 1 5 0 0 0 0 0
1999 15 1 1 5 0 0 0 0 0
2033 5 1 1 0 0 0 5 1 1
2035 25 0 0 0 0 0 5 0 0
2039 16 1 1 0 0 0 8 0 0
2041 8 0 0 4 0 0 0 0 0
2048 16 1 1 4 0 0 0 0 0
2052 12 1 1 4 0 0 8 0 0
2057 12 0 0 4 0 0 0 0 0
2058 4 0 0 0 0 0 0 0 0
2060 40 1 1 0 0 0 16 0 0
2072 20 1 1 16 0 0 0 0 0
2073 28 0 0 4 0 0 4 0 0
2074 4 0 0 0 0 0 0 0 0
2083 8 0 0 4 0 0 0 0 0
2090 8 2 2 0 0 0 0 0 0
2091 4 0 0 0 0 0 0 0 0
2099 4 0 0 0 0 0 4 0 0
2113 8 0 0 0 0 0 0 0 0
2115 12 0 0 4 0 0 0 0 0
2119 12 0 0 0 0 0 4 0 0
2121 8 0 0 0 0 0 0 0 0
2125 8 1 1 0 0 0 0 0 0
2133 12 0 0 4 0 0 0 0 0
2156 44 0 0 0 0 0 12 0 0
2160 20 1 1 12 0 0 0 0 0
2161 8 0 0 0 0 0 4 0 0
2178 8 1 1 4 0 0 0 0 0
2184 1 1 1 0 0 0 1 0 0
2186 2 0 0 0 0 0 0 0 0
2187 3 0 0 0 0 0 0 0 0
2191 11 0 0 0 0 0 3 0 0
2194 5 1 1 3 0 0 0 0 0
2206 15 0 0 0 0 0 0 0 0
2208 16 0 0 0 0 0 0 0 0
2252 10 0 0 5 0 0 5 0 0
2253 75 1 1 10 0 0 25 0 0
2255 117 0 0 91 0 0 0 0 0
fn=_dl_map_object_from_fd
870 75 2 2 0 0 0 55 2 2
880 20 0 0 5 0 0 10 1 1
881 5 0 0 0 0 0 5 0 0
897 100 1 1 35 0 0 0 0 0
898 40 0 0 20 0 0 0 0 0
915 10 1 1 5 0 0 0 0 0
939 20 0 0 5 0 0 5 0 0
949 10 1 1 5 0 0 0 0 0
971 20 0 0 10 0 0 0 0 0
1003 10 0 0 0 0 0 0 0 0
1006 40 1 1 25 0 0 5 0 0
1007 10 0 0 0 0 0 0 0 0
1018 15 0 0 10 0 0 5 3 3
1019 20 0 0 10 0 0 10 0 0
1020 10 1 1 5 0 0 5 0 0
1022 15 0 0 0 0 0 0 0 0
1023 20 0 0 10 0 0 0 0 0
1024 5 0 0 0 0 0 0 0 0
1041 5 0 0 0 0 0 5 0 0
1043 50 1 1 0 0 0 10 0 0
1051 249 0 0 0 0 0 0 0 0
1052 296 1 1 39 0 0 0 0 0
1058 10 1 1 5 0 0 5 0 0
1059 15 0 0 5 0 0 5 0 0
1060 5 0 0 0 0 0 0 0 0
1063 2 0 0 1 0 0 1 0 0
1064 1 0 0 0 0 0 0 0 0
1069 50 2 2 20 0 0 0 0 0
1074 70 0 0 20 0 0 0 0 0
1081 40 0 0 20 1 1 0 0 0
1092 20 0 0 0 0 0 0 0 0
1093 70 1 1 0 0 0 10 4 4
1094 40 0 0 0 0 0 10 0 0
1095 10 0 0 0 0 0 10 2 2
1096 20 0 0 10 0 0 10 0 0
1097 20 0 0 0 0 0 10 0 0
1101 20 0 0 0 0 0 0 0 0
1102 25 0 0 10 0 0 5 0 0
1106 20 0 0 0 0 0 0 0 0
1107 70 1 1 10 0 0 10 0 0
1117 10 1 1 0 0 0 0 0 0
1120 6 1 1 2 0 0 0 0 0
1124 2 0 0 0 0 0 2 2 2
1125 6 0 0 4 0 0 2 0 0
1126 4 0 0 0 0 0 0 0 0
1129 6 0 0 0 0 0 2 1 1
1130 4 0 0 2 0 0 2 0 0
1133 2 0 0 0 0 0 2 1 1
1137 8 0 0 2 0 0 0 0 0
1143 6 0 0 2 0 0 4 1 1
1144 2 0 0 0 0 0 0 0 0
1148 40 1 1 5 0 0 15 0 0
1156 10 0 0 0 0 0 5 0 0
1199 10 1 1 5 0 0 5 0 0
1200 5 0 0 0 0 0 0 0 0
1203 10 1 1 5 0 0 5 0 0
1204 15 0 0 10 0 0 5 0 0
1205 5 0 0 0 0 0 0 0 0
1208 15 0 0 5 0 0 0 0 0
1217 10 1 1 0 0 0 0 0 0
1227 45 1 1 20 0 0 5 0 0
1239 20 1 1 10 0 0 0 0 0
1241 6 1 1 3 0 0 0 0 0
1248 15 0 0 5 0 0 5 0 0
1255 10 1 1 0 0 0 0 0 0
1270 15 1 1 5 0 0 0 0 0
1289 10 1 1 5 0 0 5 0 0
1291 25 0 0 10 0 0 0 0 0
1345 15 0 0 5 3 3 0 0 0
1346 4 0 0 2 0 0 2 0 0
1349 20 1 1 5 0 0 5 0 0
1358 10 0 0 5 0 0 0 0 0
1360 20 0 0 10 0 0 5 0 0
1362 10 0 0 5 0 0 0 0 0
1378 10 0 0 0 0 0 5 0 0
1382 10 1 1 5 0 0 0 0 0
1383 10 0 0 5 0 0 0 0 0
1400 10 1 1 5 0 0 0 0 0
1401 2 1 1 0 0 0 1 0 0
1404 15 1 1 5 0 0 10 0 0
1409 10 0 0 5 0 0 0 0 0
1419 10 0 0 5 0 0 0 0 0
1429 15 0 0 5 0 0 5 0 0
1433 15 0 0 5 0 0 0 0 0
1453 45 0 0 35 0 0 0 0 0
fn=open_verify.constprop.7
1502 70 2 2 5 0 0 45 1 1
1541 23 0 0 5 0 0 0 0 0
1572 25 1 1 5 0 0 5 0 0
1574 15 0 0 0 0 0 0 0 0
1584 5 0 0 0 0 0 5 0 0
1585 10 0 0 0 0 0 5 1 1
1590 40 1 1 5 0 0 10 0 0
1592 10 0 0 0 0 0 0 0 0
1594 15 0 0 5 0 0 5 0 0
1596 10 0 0 0 0 0 0 0 0
1602 10 0 0 0 0 0 0 0 0
1618 98 3 3 13 1 1 13 0 0
1677 10 1 1 5 0 0 0 0 0
1682 10 0 0 5 0 0 0 0 0
1684 20 0 0 5 0 0 0 0 0
1690 10 0 0 0 0 0 0 0 0
1701 10 0 0 5 0 0 0 0 0
1707 20 1 1 5 1 1 0 0 0
1708 20 0 0 5 0 0 0 0 0
1709 15 0 0 5 0 0 5 0 0
1714 6 1 1 3 0 0 0 0 0
1729 235 0 0 30 0 0 0 0 0
1730 89 1 1 42 11 11 0 0 0
1734 20 1 1 10 0 0 0 0 0
1735 15 0 0 5 0 0 0 0 0
1744 42 1 1 0 0 0 7 0 0
1747 5 0 0 0 0 0 0 0 0
1748 15 0 0 5 0 0 0 0 0
1749 15 0 0 5 0 0 0 0 0
1751 15 0 0 0 0 0 0 0 0
1756 2 0 0 0 0 0 0 0 0
1757 2 0 0 0 0 0 0 0 0
1760 4 0 0 0 0 0 0 0 0
1763 4 1 1 2 0 0 0 0 0
1764 8 0 0 2 0 0 0 0 0
1765 2 0 0 2 0 0 0 0 0
1766 6 0 0 2 0 0 0 0 0
1767 10 0 0 2 0 0 0 0 0
1780 45 1 1 35 0 0 0 0 0
fl=/usr/src/debug/glibc-2.24-33-ge9e69e4/elf/dl-lookup.c
fn=_dl_lookup_symbol_x
572 363348 0 0 89313 1749 1521 0 0 0
573 349124 1 1 0 0 0 0 0 0
810 30480 2 2 2032 0 0 20320 10 4
812 4064 0 0 0 0 0 2032 3 0
813 4064 0 0 0 0 0 2032 1 0
816 2032 0 0 2032 5 1 0 0 0
820 8086 0 0 2011 0 0 0 0 0
824 20320 1 1 6096 0 0 8128 0 0
825 4064 0 0 0 0 0 0 0 0
827 4064 1 1 4064 4 1 0 0 0
831 6191 0 0 19 0 0 0 0 0
833 26416 1 1 14224 0 0 14224 9 3
836 6096 0 0 0 0 0 0 0 0
839 19 0 0 0 0 0 0 0 0
862 6096 1 1 4064 0 0 0 0 0
864 133 1 1 38 0 0 0 0 0
880 19 1 1 0 0 0 19 0 0
881 38 0 0 0 0 0 0 0 0
884 2013 0 0 2013 0 0 0 0 0
885 14091 0 0 4026 0 0 0 0 0
916 2013 0 0 0 0 0 0 0 0
925 8052 0 0 2013 0 0 0 0 0
939 6039 1 1 2013 9 0 0 0 0
940 2 1 1 0 0 0 1 0 0
942 8052 0 0 4026 0 0 0 0 0
947 2013 0 0 0 0 0 2013 0 0
949 18288 0 0 14224 0 0 0 0 0
fn=_dl_setup_hash
960 21 1 1 7 0 0 0 0 0
964 7 0 0 7 0 0 0 0 0
968 14 0 0 7 7 7 7 0 0
969 7 0 0 7 0 0 0 0 0
970 7 0 0 7 2 2 0 0 0
972 21 0 0 0 0 0 0 0 0
973 7 0 0 0 0 0 7 0 0
974 21 1 1 7 0 0 7 0 0
976 7 0 0 0 0 0 7 0 0
977 14 0 0 0 0 0 0 0 0
979 7 0 0 0 0 0 7 0 0
981 28 0 0 7 0 0 7 0 0
fn=check_match
92 16104 1 1 4026 26 8 8052 1 1
95 14091 1 1 4026 233 186 0 0 0
107 12078 0 0 2013 0 0 2013 4 1
110 8232 0 0 60 0 0 30 0 0
114 2013 0 0 2013 5 0 0 0 0
115 4026 1 1 0 0 0 0 0 0
117 4022 0 0 0 0 0 0 0 0
136 4022 0 0 4022 17 3 0 0 0
137 16088 1 1 6033 9 0 0 0 0
138 12066 1 1 4022 5 0 2011 0 0
165 4 1 1 0 0 0 0 0 0
167 12 0 0 4 2 0 0 0 0
168 8 0 0 0 0 0 0 0 0
171 2 0 0 0 0 0 0 0 0
172 7 0 0 3 0 0 1 0 0
174 2 0 0 1 0 0 1 0 0
176 2013 0 0 0 0 0 0 0 0
183 12078 0 0 10065 0 0 0 0 0
fn=do_lookup_x
191 608 0 0 0 0 0 0 0 0
192 1212 0 0 82 0 0 0 0 0
193 500 1 1 250 58 58 0 0 0
195 196 0 0 0 0 0 0 0 0
196 196 0 0 0 0 0 0 0 0
197 528 1 1 0 0 0 0 0 0
200 152 0 0 0 0 0 152 0 0
201 152 0 0 0 0 0 152 0 0
202 152 0 0 0 0 0 152 0 0
203 244 1 1 0 0 0 152 0 0
220 488 0 0 244 0 0 244 0 0
222 854 1 1 122 2 0 244 0 0
224 488 0 0 122 2 1 122 0 0
225 122 0 0 122 0 0 0 0 0
226 366 0 0 122 0 0 0 0 0
228 605 0 0 0 0 0 121 0 0
229 3003 2 2 187 0 0 363 0 0
232 759 0 0 253 82 43 0 0 0
233 320 1 1 200 0 0 40 0 0
235 120 0 0 40 0 0 0 0 0
245 40 0 0 40 0 0 0 0 0
246 80 0 0 40 0 0 0 0 0
248 160 0 0 80 0 0 120 0 0
252 558 0 0 213 0 0 0 0 0
256 462 0 0 0 0 0 0 0 0
257 330 0 0 0 0 0 0 0 0
260 1135 2 2 405 0 0 0 0 0
267 635 2 2 445 0 0 4 0 0
268 8 0 0 0 0 0 2 0 0
270 6 0 0 0 0 0 0 0 0
277 214 1 1 8 0 0 6 0 0
278 276 1 1 92 10 2 0 0 0
279 280 0 0 210 0 0 0 0 0
283 16 1 1 6 0 0 4 0 0
284 2 0 0 0 0 0 2 0 0
286 2 0 0 0 0 0 2 0 0
287 8 0 0 4 0 0 4 0 0
303 2 1 1 0 0 0 0 0 0
311 4462 1 1 1 0 0 0 0 0
312 5 1 1 0 0 0 3 0 0
313 2 0 0 0 0 0 0 0 0
316 1 0 0 0 0 0 1 0 0
317 1 0 0 0 0 0 1 0 0
318 4 0 0 1 0 0 2 0 0
321 164 0 0 0 0 0 0 0 0
322 246 1 1 246 0 0 0 0 0
329 328 0 0 82 0 0 0 0 0
332 66 0 0 0 0 0 0 0 0
334 492 1 1 164 0 0 82 0 0
339 164 0 0 164 0 0 82 0 0
341 246 0 0 164 0 0 82 0 0
342 82 0 0 0 0 0 82 0 0
355 24384 1 1 2032 0 0 20320 12 5
356 2032 0 0 2032 5 1 0 0 0
362 2032 0 0 2032 0 0 0 0 0
366 12946 1 1 12946 34 2 0 0 0
369 12946 0 0 0 0 0 0 0 0
373 23106 0 0 2032 0 0 4064 0 0
377 12946 0 0 6473 23 0 0 0 0
381 12946 0 0 6473 2 0 0 0 0
387 19419 1 1 6473 13 1 0 0 0
391 6473 0 0 0 0 0 6473 0 0
392 6473 0 0 0 0 0 6473 0 0
395 19419 0 0 12946 61 3 6473 0 0
396 19419 0 0 12946 14 0 6473 0 0
399 6473 1 1 6473 0 0 0 0 0
400 12946 0 0 0 0 0 0 0 0
402 6473 0 0 6473 741 109 0 0 0
403 8128 1 1 0 0 0 2032 0 0
404 12946 0 0 12946 0 0 0 0 0
406 12192 0 0 2032 0 0 4064 0 0
407 25892 0 0 12946 0 0 0 0 0
410 45311 1 1 6473 0 0 0 0 0
413 4214 0 0 4214 1039 187 0 0 0
414 8428 1 1 2107 0 0 0 0 0
415 4214 0 0 0 0 0 0 0 0
417 27313 1 1 8404 0 0 10505 0 0
420 24350 1 1 4870 1498 406 0 0 0
422 8052 0 0 2013 0 0 0 0 0
423 26169 1 1 14091 0 0 12078 5 1
424 4026 0 0 0 0 0 0 0 0
427 6041 0 0 1 0 0 0 0 0
430 8574 0 0 0 0 0 0 0 0
439 18108 1 1 10060 0 0 0 0 0
461 179 1 1 90 0 0 0 0 0
463 4 0 0 0 0 0 0 0 0
469 4026 1 1 2013 0 0 0 0 0
520 4026 0 0 0 0 0 0 0 0
523 10188 0 0 2013 0 0 0 0 0
527 4254 0 0 1418 1 0 0 0 0
539 3782 1 1 1891 0 0 1891 0 0
540 1891 0 0 0 0 0 1891 0 0
541 3782 0 0 0 0 0 0 0 0
546 244 1 1 0 0 0 0 0 0
557 34840 0 0 13100 5 0 0 0 0
558 600 0 0 0 0 0 120 0 0
561 13380 1 1 0 0 0 0 0 0
564 19 0 0 0 0 0 0 0 0
565 16256 0 0 14224 0 0 0 0 0
fl=/usr/src/debug/glibc-2.24-33-ge9e69e4/elf/dl-minimal.c
fn=__libc_memalign
52 9 0 0 0 0 0 6 0 0
53 147 1 1 73 2 0 0 0 0
58 3 0 0 0 0 0 1 0 0
59 2 1 1 1 0 0 0 0 0
60 2 0 0 0 0 0 0 0 0
64 111 0 0 0 0 0 37 0 0
65 37 0 0 0 0 0 0 0 0
67 247 1 1 0 0 0 0 0 0
72 12 0 0 3 0 0 0 0 0
73 6 0 0 0 0 0 0 0 0
75 3 0 0 0 0 0 0 0 0
76 24 1 1 0 0 0 3 0 0
78 15 0 0 6 0 0 0 0 0
82 9 0 0 0 0 0 3 0 0
85 37 0 0 0 0 0 37 0 0
86 37 0 0 0 0 0 37 0 0
88 83 0 0 43 0 0 0 0 0
fn=calloc
101 17 1 1 0 0 0 0 0 0
105 17 1 1 0 0 0 0 0 0
108 34 0 0 0 0 0 0 0 0
109 51 0 0 0 0 0 0 0 0
112 17 0 0 0 0 0 0 0 0
fn=free
118 2 0 0 0 0 0 2 0 0
120 6 0 0 2 0 0 0 0 0
127 4 0 0 4 0 0 0 0 0
fn=malloc
92 36 0 0 0 0 0 0 0 0
93 72 0 0 0 0 0 0 0 0
fn=strsep
352 4 1 1 2 0 0 0 0 0
354 2 0 0 2 0 0 0 0 0
355 4 0 0 0 0 0 0 0 0
359 252 0 0 50 0 0 0 0 0
364 196 1 1 98 0 0 0 0 0
366 294 0 0 98 0 0 0 0 0
374 49 0 0 0 0 0 0 0 0
377 1 0 0 0 0 0 1 0 0
381 2 0 0 2 0 0 0 0 0
fl=/usr/src/debug/glibc-2.24-33-ge9e69e4/elf/dl-misc.c
fn=_dl_higher_prime_number
344 2 0 0 0 0 0 0 0 0
345 2 0 0 0 0 0 0 0 0
347 25 1 1 3 0 0 0 0 0
349 80 0 0 0 0 0 0 0 0
350 37 0 0 10 2 1 0 0 0
351 3 0 0 0 0 0 0 0 0
fn=_dl_name_match_p
288 1175 1 1 0 0 0 470 1 1
289 940 0 0 235 10 0 235 0 0
290 253 0 0 0 0 0 0 0 0
292 235 1 1 235 0 0 0 0 0
294 936 0 0 0 0 0 0 0 0
295 1255 0 0 251 22 0 251 0 0
298 233 0 0 233 0 0 0 0 0
300 217 0 0 0 0 0 0 0 0
301 1175 1 1 705 0 0 0 0 0
fn=_dl_sysdep_read_whole_file
45 8 1 1 0 0 0 4 1 1
52 3 0 0 0 0 0 1 1 1
53 2 0 0 0 0 0 0 0 0
55 7 1 1 0 0 0 1 0 0
57 2 0 0 1 1 1 1 0 0
60 2 0 0 0 0 0 0 0 0
62 8 1 1 0 0 0 1 0 0
73 2 0 0 0 0 0 1 0 0
76 7 0 0 5 0 0 0 0 0
fl=/usr/src/debug/glibc-2.24-33-ge9e69e4/elf/dl-object.c
fn=_dl_add_to_namespace_list
32 30 1 1 0 0 0 18 0 0
34 18 0 0 6 0 0 6 0 0
36 52 0 0 6 0 0 0 0 0
39 60 0 0 20 0 0 0 0 0
41 5 0 0 0 0 0 5 0 0
43 5 0 0 0 0 0 5 0 0
46 2 0 0 0 0 0 1 0 0
47 18 1 1 6 0 0 0 0 0
48 12 0 0 6 0 0 6 0 0
49 12 0 0 0 0 0 6 0 0
51 12 0 0 6 0 0 0 0 0
52 18 0 0 18 0 0 0 0 0
fn=_dl_new_object
61 78 1 1 0 0 0 54 5 5
62 36 0 0 0 0 0 6 3 3
68 30 1 1 12 0 0 0 0 0
69 42 0 0 0 0 0 0 0 0
75 36 1 1 0 0 0 18 0 0
78 12 0 0 0 0 0 0 0 0
81 6 0 0 0 0 0 6 5 5
82 18 1 1 6 0 0 6 6 6
86 12 0 0 0 0 0 6 1 1
87 42 0 0 12 0 0 18 2 2
89 6 0 0 0 0 0 6 0 0
97 36 0 0 12 0 0 6 1 1
98 36 1 1 12 6 6 6 0 0
101 12 0 0 6 0 0 0 0 0
102 17 1 1 5 0 0 6 6 6
103 6 0 0 0 0 0 6 0 0
107 6 0 0 0 0 0 6 0 0
110 50 1 1 0 0 0 0 0 0
112 32 0 0 0 0 0 16 4 4
122 12 0 0 0 0 0 6 1 1
123 6 0 0 0 0 0 6 6 6
128 36 1 1 6 1 1 0 0 0
130 20 0 0 0 0 0 5 2 2
133 14 1 1 0 0 0 0 0 0
137 15 0 0 5 0 0 0 0 0
141 27 1 1 0 0 0 0 0 0
149 1 0 0 0 0 0 1 0 0
152 12 0 0 0 0 0 6 1 1
155 18 0 0 0 0 0 6 0 0
157 35 0 0 5 0 0 10 0 0
161 20 1 1 5 0 0 0 0 0
165 15 0 0 0 0 0 5 0 0
166 20 0 0 0 0 0 0 0 0
211 99 1 1 10 0 0 5 0 0
216 84 0 0 0 0 0 0 0 0
217 178 1 1 84 0 0 0 0 0
222 10 0 0 0 0 0 5 0 0
225 5 0 0 0 0 0 5 1 1
229 54 1 1 42 0 0 0 0 0
fl=/usr/src/debug/glibc-2.24-33-ge9e69e4/elf/dl-open.c
fn=_dl_find_dso_for_object
171 5 1 1 1 0 0 0 0 0
172 19 1 1 6 0 0 0 0 0
173 24 1 1 12 5 0 0 0 0
174 2 0 0 1 0 0 0 0 0
177 2 0 0 1 0 0 0 0 0
181 1 0 0 1 0 0 0 0 0
fl=/usr/src/debug/glibc-2.24-33-ge9e69e4/elf/dl-reloc.c
fn=_dl_relocate_object
149 84 1 1 0 0 0 56 0 0
156 7 1 1 0 0 0 7 0 0
159 10 0 0 0 0 0 0 0 0
160 28 0 0 0 0 0 14 0 0
164 14 0 0 0 0 0 0 0 0
165 42 1 1 7 2 0 7 0 0
171 14 0 0 7 0 0 0 0 0
177 21 0 0 7 0 0 0 0 0
178 14 1 1 7 6 0 0 0 0
181 16 0 0 7 0 0 0 0 0
188 14 0 0 7 1 0 0 0 0
232 21 0 0 14 0 0 7 0 0
259 324 4 4 100 25 0 92 0 0
262 28 1 1 7 0 0 0 0 0
286 7 0 0 7 0 0 0 0 0
289 14 0 0 7 0 0 0 0 0
306 21 0 0 7 4 0 0 0 0
308 56 0 0 49 2 0 0 0 0
314 49 2 2 21 0 0 7 0 0
317 14 0 0 0 0 0 0 0 0
321 14 0 0 0 0 0 0 0 0
322 42 0 0 7 0 0 7 0 0
fl=/usr/src/debug/glibc-2.24-33-ge9e69e4/elf/dl-tls.c
fn=_dl_add_to_slotinfo
890 8 1 1 0 0 0 6 0 0
896 4 1 1 2 0 0 0 0 0
899 2 0 0 2 2 0 0 0 0
904 6 0 0 2 1 0 0 0 0
945 2 0 0 0 0 0 2 2 0
946 10 1 1 2 2 0 2 0 0
947 8 0 0 8 0 0 0 0 0
fn=_dl_allocate_tls_init
449 9 1 1 0 0 0 7 0 0
450 2 0 0 0 0 0 0 0 0
454 2 1 1 1 1 0 1 0 0
456 1 0 0 0 0 0 1 0 0
457 3 0 0 1 0 0 0 0 0
460 3 0 0 2 1 0 0 0 0
472 1 0 0 1 0 0 0 0 0
477 12 0 0 1 0 0 0 0 0
483 20 1 1 2 0 0 1 0 0
486 2 1 1 2 0 0 0 0 0
487 4 0 0 0 0 0 0 0 0
493 6 0 0 4 0 0 0 0 0
494 4 0 0 0 0 0 0 0 0
496 10 0 0 4 1 0 2 0 0
497 2 1 1 0 0 0 2 0 0
499 4 0 0 0 0 0 0 0 0
500 4 0 0 2 0 0 0 0 0
503 4 0 0 0 0 0 0 0 0
504 8 0 0 4 2 0 0 0 0
506 4 0 0 0 0 0 0 0 0
507 6 0 0 2 0 0 0 0 0
515 18 1 1 6 0 0 4 0 0
529 3 1 1 2 0 0 1 0 0
532 8 0 0 7 0 0 0 0 0
fn=_dl_allocate_tls_storage
321 2 1 1 1 0 0 0 0 0
322 3 0 0 0 0 0 1 0 0
323 2 0 0 0 0 0 0 0 0
326 1 0 0 0 0 0 1 1 1
332 2 0 0 0 0 0 1 0 0
354 3 1 1 0 0 0 3 0 0
356 1 0 0 1 0 0 0 0 0
367 3 0 0 1 0 0 1 0 0
368 2 0 0 0 0 0 0 0 0
375 2 1 1 0 0 0 0 0 0
379 297 0 0 0 0 0 289 36 36
396 5 0 0 4 0 0 0 0 0
fn=_dl_count_modids
115 2 1 1 1 0 0 0 0 0
116 2 0 0 2 0 0 0 0 0
fn=_dl_determine_tlsoffset
138 5 0 0 0 0 0 5 0 0
144 3 1 1 1 0 0 0 0 0
147 2 1 1 1 0 0 0 0 0
183 17 0 0 3 0 0 0 0 0
185 12 0 0 1 0 0 0 0 0
187 6 1 1 2 0 0 0 0 0
188 4 1 1 2 0 0 0 0 0
190 4 0 0 0 0 0 0 0 0
192 10 0 0 2 0 0 0 0 0
208 16 1 1 0 0 0 0 0 0
210 4 0 0 0 0 0 0 0 0
211 4 0 0 0 0 0 0 0 0
220 2 0 0 0 0 0 2 0 0
223 1 1 1 0 0 0 1 0 0
224 1 0 0 0 0 0 1 0 0
275 1 0 0 0 0 0 1 0 0
276 6 0 0 6 0 0 0 0 0
fn=_dl_next_tls_modid
52 8 1 1 4 0 0 0 0 0
100 4 0 0 2 0 0 2 0 0
fl=/usr/src/debug/glibc-2.24-33-ge9e69e4/elf/dl-version.c
fn=_dl_check_all_versions
380 5 1 1 0 0 0 4 0 0
384 28 0 0 7 0 0 0 0 0
385 7 0 0 0 0 0 0 0 0
386 70 1 1 7 0 0 7 0 0
389 7 1 1 5 0 0 0 0 0
fn=_dl_check_map_versions
56 164 0 0 20 0 0 0 0 0
57 47 0 0 47 0 0 0 0 0
58 285 1 1 0 0 0 57 0 0
174 56 1 1 0 0 0 42 0 0
175 2 0 0 0 0 0 0 0 0
183 2 1 1 0 0 0 0 0 0
189 21 0 0 7 0 0 0 0 0
191 14 0 0 7 1 0 7 0 0
193 14 0 0 7 1 0 7 0 0
194 35 1 1 7 0 0 21 0 0
196 14 0 0 0 0 0 0 0 0
199 15 0 0 10 0 0 5 0 0
203 25 1 1 5 4 4 0 0 0
218 5 1 1 0 0 0 0 0 0
220 20 0 0 20 1 1 0 0 0
228 30 0 0 10 0 0 0 0 0
233 52 0 0 20 0 0 0 0 0
237 345 2 2 182 6 5 44 0 0
239 22 0 0 22 2 2 0 0 0
244 132 0 0 66 0 0 0 0 0
247 66 0 0 22 0 0 0 0 0
256 40 0 0 20 0 0 0 0 0
261 15 0 0 0 0 0 5 0 0
270 15 1 1 7 0 0 0 0 0
273 20 0 0 15 0 0 0 0 0
276 348 0 0 87 1 1 0 0 0
279 261 0 0 87 4 4 0 0 0
283 82 0 0 0 0 0 0 0 0
287 12 1 1 0 0 0 0 0 0
292 6 0 0 0 0 0 6 0 0
293 24 1 1 0 0 0 6 0 0
294 12 0 0 0 0 0 0 0 0
302 6 0 0 0 0 0 6 0 0
305 18 1 1 12 2 0 6 2 0
307 18 0 0 6 0 0 0 0 0
310 20 0 0 15 0 0 0 0 0
312 5 0 0 0 0 0 0 0 0
314 30 0 0 10 0 0 0 0 0
317 66 0 0 22 0 0 0 0 0
319 66 0 0 0 0 0 0 0 0
321 110 1 1 22 0 0 22 0 0
322 66 0 0 0 0 0 22 10 10
323 66 0 0 22 0 0 22 4 4
324 66 0 0 22 0 0 22 0 0
327 66 0 0 22 0 0 0 0 0
332 12 0 0 0 0 0 0 0 0
335 30 0 0 10 0 0 0 0 0
340 5 0 0 0 0 0 0 0 0
345 18 1 1 6 0 0 0 0 0
348 20 0 0 15 0 0 0 0 0
352 82 0 0 82 0 0 0 0 0
354 174 0 0 87 0 0 0 0 0
358 82 0 0 82 0 0 0 0 0
359 410 0 0 82 0 0 82 22 22
360 246 0 0 82 0 0 82 0 0
361 82 0 0 0 0 0 82 8 8
364 266 0 0 87 0 0 0 0 0
368 82 0 0 0 0 0 0 0 0
374 63 0 0 49 0 0 0 0 0
fn=match_symbol
76 286 2 2 0 0 0 176 0 0
77 44 0 0 44 0 0 0 0 0
85 44 0 0 22 0 0 0 0 0
91 66 0 0 22 0 0 0 0 0
106 22 0 0 22 1 0 0 0 0
107 44 0 0 0 0 0 0 0 0
109 22 0 0 22 0 0 0 0 0
114 394 0 0 197 28 28 0 0 0
128 394 0 0 197 9 9 0 0 0
130 22 1 1 22 1 1 0 0 0
133 132 1 1 22 0 0 22 0 0
140 525 1 1 175 5 5 0 0 0
144 175 0 0 0 0 0 0 0 0
168 176 0 0 154 0 0 0 0 0
fl=/usr/src/debug/glibc-2.24-33-ge9e69e4/elf/do-rel.h
fn=_dl_relocate_object
47 42 0 0 14 0 0 14 0 0
48 14 0 0 14 1 0 0 0 0
58 42 0 0 14 0 0 0 0 0
61 2696 0 0 0 0 0 0 0 0
63 3568 1 1 892 333 333 0 0 0
65 44 0 0 0 0 0 0 0 0
74 10 1 1 0 0 0 0 0 0
75 76 1 1 29 0 0 0 0 0
76 28 0 0 14 0 0 0 0 0
83 18 0 0 9 0 0 9 0 0
84 9 1 1 9 0 0 0 0 0
86 36 0 0 18 0 0 0 0 0
98 27 0 0 0 0 0 0 0 0
108 17 1 1 1 1 1 0 0 0
111 5896 1 1 0 0 0 0 0 0
112 3918 0 0 1959 1 0 0 0 0
118 27 1 1 9 8 0 0 0 0
121 16 0 0 8 5 0 8 1 0
124 9757 0 0 3253 1 0 6 2 0
127 12956 1 1 3239 812 809 0 0 0
129 33 1 1 8 0 0 9 0 0
136 12924 0 0 6462 1128 215 0 0 0
137 12924 0 0 3231 0 0 3231 0 0
138 9273 0 0 3231 3 0 0 0 0
139 6462 0 0 3231 0 0 0 0 0
143 12 0 0 0 0 0 0 0 0
144 32 1 1 1 0 0 0 0 0
145 24 0 0 8 0 0 0 0 0
148 24 0 0 16 0 0 0 0 0
149 24 0 0 8 0 0 8 0 0
150 8 0 0 0 0 0 0 0 0
151 8 1 1 8 0 0 0 0 0
152 8 0 0 8 0 0 0 0 0
160 26 2 2 8 0 0 2 0 0
162 24 0 0 6 1 1 0 0 0
170 36 1 1 6 0 0 6 0 0
171 12 0 0 6 0 0 0 0 0
174 2 0 0 0 0 0 0 0 0
fn=_dl_start
83 1 0 0 1 0 0 0 0 0
84 1 0 0 1 0 0 0 0 0
111 33 0 0 0 0 0 0 0 0
112 20 1 1 10 2 2 0 0 0
116 2 0 0 1 0 0 0 0 0
124 22 0 0 0 0 0 0 0 0
136 18 0 0 6 2 2 0 0 0
137 12 0 0 0 0 0 0 0 0
139 12 0 0 6 0 0 0 0 0
fl=/usr/src/debug/glibc-2.24-33-ge9e69e4/elf/get-dynamic-info.h
fn=_dl_map_object_from_fd
39 10 0 0 0 0 0 0 0 0
43 5 0 0 0 0 0 0 0 0
45 405 1 1 135 37 37 0 0 0
47 260 1 1 0 0 0 0 0 0
60 133 0 0 0 0 0 0 0 0
61 216 0 0 0 0 0 125 30 30
62 20 0 0 0 0 0 0 0 0
64 5 0 0 0 0 0 0 0 0
65 25 0 0 0 0 0 0 0 0
67 5 0 0 0 0 0 0 0 0
68 25 1 1 0 0 0 0 0 0
69 5 0 0 0 0 0 0 0 0
70 20 0 0 0 0 0 5 0 0
71 130 0 0 0 0 0 0 0 0
78 10 0 0 0 0 0 0 0 0
98 17 0 0 7 0 0 0 0 0
99 20 1 1 10 0 0 0 0 0
100 20 0 0 10 0 0 0 0 0
101 20 0 0 10 0 0 0 0 0
103 20 0 0 10 0 0 0 0 0
108 20 0 0 10 0 0 0 0 0
109 19 1 1 9 1 1 0 0 0
110 20 0 0 10 0 0 0 0 0
116 15 0 0 5 0 0 0 0 0
121 10 0 0 5 0 0 0 0 0
128 10 0 0 5 0 0 0 0 0
129 15 1 1 10 0 0 0 0 0
145 15 0 0 5 0 0 0 0 0
150 4 0 0 2 0 0 2 1 1
152 4 0 0 0 0 0 0 0 0
154 4 0 0 0 0 0 0 0 0
156 4 0 0 0 0 0 0 0 0
157 2 0 0 0 0 0 1 0 0
159 15 1 1 5 0 0 0 0 0
161 8 0 0 2 0 0 2 0 0
169 4 0 0 2 0 0 0 0 0
174 4 0 0 0 0 0 0 0 0
175 3 0 0 1 0 0 1 0 0
177 10 0 0 5 0 0 0 0 0
fn=_dl_start
45 54 1 1 18 5 5 0 0 0
47 34 1 1 0 0 0 0 0 0
48 1 0 0 0 0 0 0 0 0
60 25 0 0 0 0 0 0 0 0
61 31 0 0 0 0 0 16 7 7
62 4 0 0 0 0 0 0 0 0
64 2 0 0 0 0 0 0 0 0
65 5 1 1 0 0 0 0 0 0
67 2 0 0 0 0 0 0 0 0
68 5 1 1 0 0 0 0 0 0
69 1 1 1 0 0 0 0 0 0
70 5 1 1 0 0 0 1 1 1
71 17 0 0 0 0 0 0 0 0
78 2 1 1 0 0 0 0 0 0
98 4 0 0 2 0 0 0 0 0
99 4 0 0 2 0 0 0 0 0
100 4 1 1 2 0 0 0 0 0
101 4 0 0 2 0 0 0 0 0
103 4 0 0 2 0 0 0 0 0
108 3 0 0 1 0 0 0 0 0
109 4 1 1 2 0 0 0 0 0
110 4 0 0 2 0 0 0 0 0
116 3 0 0 1 0 0 0 0 0
128 3 0 0 1 0 0 0 0 0
129 3 1 1 2 0 0 0 0 0
137 5 0 0 2 0 0 0 0 0
139 3 0 0 1 0 0 0 0 0
142 2 1 1 1 0 0 0 0 0
143 2 0 0 1 0 0 0 0 0
fn=dl_main
30 1 0 0 1 0 0 0 0 0
39 2 0 0 0 0 0 0 0 0
43 1 0 0 0 0 0 0 0 0
45 81 0 0 27 8 8 0 0 0
47 52 0 0 0 0 0 0 0 0
60 17 1 1 0 0 0 0 0 0
61 36 0 0 0 0 0 25 6 6
62 4 0 0 0 0 0 0 0 0
64 1 0 0 0 0 0 0 0 0
65 5 1 1 0 0 0 0 0 0
67 1 0 0 0 0 0 0 0 0
68 5 1 1 0 0 0 0 0 0
69 1 0 0 0 0 0 0 0 0
70 4 1 1 0 0 0 1 0 0
71 26 0 0 0 0 0 0 0 0
78 3 0 0 1 0 0 0 0 0
116 3 1 1 1 0 0 0 0 0
121 2 0 0 1 0 0 0 0 0
128 2 1 1 1 0 0 0 0 0
129 3 0 0 2 0 0 0 0 0
145 3 0 0 1 0 0 0 0 0
159 3 1 1 1 0 0 0 0 0
177 2 1 1 1 0 0 0 0 0
fl=/usr/src/debug/glibc-2.24-33-ge9e69e4/elf/rtld.c
fn=_dl_initial_error_catch_tsd
646 28 0 0 14 0 0 0 0 0
fn=_dl_start
284 2 0 0 0 0 0 1 1 1
285 2 0 0 0 0 0 1 0 0
286 2 0 0 0 0 0 1 1 1
287 2 0 0 0 0 0 1 0 0
288 2 0 0 0 0 0 1 0 0
296 5 1 1 0 0 0 1 1 1
299 1 0 0 0 0 0 1 0 0
305 4 1 0 0 0 0 1 0 0
314 4 0 0 0 0 0 0 0 0
317 2 0 0 1 1 0 1 1 0
321 2 1 0 1 0 0 0 0 0
335 9 1 1 0 0 0 6 1 1
353 5 0 0 0 0 0 1 1 1
376 1 0 0 0 0 0 1 0 0
379 1 0 0 0 0 0 1 1 1
390 2 0 0 0 0 0 0 0 0
395 16 2 2 5 0 0 0 0 0
397 1 1 1 1 1 1 0 0 0
422 9 0 0 7 1 0 0 0 0
fn=dl_main
701 1 0 0 1 1 0 0 0 0
703 1 0 0 0 0 0 1 0 0
712 1 1 1 0 0 0 1 0 0
714 1 0 0 0 0 0 1 0 0
719 1 0 0 0 0 0 1 0 0
736 12 2 2 0 0 0 7 2 2
745 1 0 0 0 0 0 0 0 0
751 1 0 0 0 0 0 1 0 0
755 2 0 0 0 0 0 1 0 0
758 2 0 0 0 0 0 1 1 1
762 2 1 1 0 0 0 1 1 1
763 2 0 0 0 0 0 1 0 0
768 2 0 0 0 0 0 1 0 0
774 1 0 0 0 0 0 1 1 1
776 3 2 2 1 0 0 0 0 0
975 8 2 2 0 0 0 1 0 0
977 2 0 0 0 0 0 0 0 0
978 1 0 0 0 0 0 1 0 0
979 2 0 0 1 0 0 1 0 0
980 2 1 1 1 0 0 1 0 0
984 3 0 0 0 0 0 1 0 0
985 3 0 0 1 0 0 0 0 0
1006 1 0 0 0 0 0 1 1 1
1007 1 1 1 0 0 0 1 0 0
1009 1 0 0 0 0 0 1 0 0
1011 1 0 0 1 0 0 0 0 0
1014 33 0 0 1 0 0 0 0 0
1015 71 1 1 9 5 5 0 0 0
1019 3 1 1 1 0 0 1 0 0
1020 1 0 0 0 0 0 0 0 0
1024 3 2 2 2 0 0 1 0 0
1025 1 0 0 0 0 0 0 0 0
1033 2 0 0 0 0 0 1 1 1
1034 3 1 1 2 1 1 0 0 0
1036 1 0 0 0 0 0 1 0 0
1043 2 0 0 1 0 0 0 0 0
1055 1 1 1 0 0 0 0 0 0
1061 1 0 0 0 0 0 0 0 0
1069 4 0 0 2 0 0 0 0 0
1070 11 2 2 3 1 1 0 0 0
1071 4 0 0 2 0 0 0 0 0
1072 1 0 0 0 0 0 1 0 0
1075 4 0 0 2 1 1 0 0 0
1076 4 0 0 2 0 0 0 0 0
1077 2 0 0 0 0 0 2 0 0
1078 6 0 0 3 0 0 0 0 0
1079 2 0 0 0 0 0 1 0 0
1106 2 0 0 1 0 0 1 0 0
1107 1 0 0 0 0 0 0 0 0
1110 2 1 1 1 0 0 1 0 0
1111 2 0 0 1 0 0 1 0 0
1112 1 0 0 0 0 0 0 0 0
1117 5 1 1 3 1 1 0 0 0
1120 2 0 0 0 0 0 0 0 0
1122 2 0 0 0 0 0 0 0 0
1124 3 1 1 1 0 0 0 0 0
1137 3 0 0 1 0 0 0 0 0
1138 9 1 1 4 0 0 2 0 0
1143 2 0 0 1 0 0 1 0 0
1145 1 0 0 0 0 0 1 0 0
1146 1 0 0 0 0 0 1 0 0
1148 2 0 0 1 0 0 0 0 0
1149 2 0 0 0 0 0 1 0 0
1153 2 1 1 1 0 0 0 0 0
1155 2 0 0 0 0 0 0 0 0
1160 2 0 0 0 0 0 1 0 0
1163 2 0 0 1 0 0 0 0 0
1179 4 2 2 0 0 0 2 0 0
1185 9 1 1 1 0 0 2 0 0
1190 2 1 1 1 0 0 1 0 0
1193 4 0 0 1 0 0 1 0 0
1195 1 0 0 0 0 0 1 0 0
1200 2 0 0 1 0 0 0 0 0
1203 3 1 1 2 0 0 1 0 0
1204 4 0 0 1 0 0 1 0 0
1205 2 0 0 1 0 0 1 0 0
1206 1 0 0 0 0 0 1 0 0
1207 1 0 0 1 0 0 0 0 0
1208 1 0 0 1 0 0 0 0 0
1213 2 0 0 1 0 0 0 0 0
1214 5 1 1 1 0 0 1 0 0
1231 2 0 0 1 1 1 0 0 0
1232 2 0 0 1 0 0 0 0 0
1234 3 1 1 1 0 0 0 0 0
1236 1 0 0 0 0 0 1 0 0
1237 4 0 0 1 0 0 1 1 1
1242 3 0 0 0 0 0 0 0 0
1243 5 0 0 1 1 1 0 0 0
1245 2 1 1 1 0 0 1 1 1
1246 2 0 0 1 0 0 1 0 0
1251 2 0 0 1 0 0 0 0 0
1256 3 1 1 1 0 0 0 0 0
1433 2 0 0 0 0 0 2 0 0
1441 3 0 0 1 0 0 0 0 0
1444 1 0 0 0 0 0 1 0 0
1448 3 0 0 1 0 0 0 0 0
1453 1 0 0 0 0 0 1 0 0
1454 1 0 0 0 0 0 1 0 0
1455 1 0 0 0 0 0 0 0 0
1459 3 1 1 1 0 0 0 0 0
1474 3 0 0 2 0 0 0 0 0
1475 1 0 0 0 0 0 0 0 0
1476 1 0 0 0 0 0 0 0 0
1478 3 0 0 1 0 0 0 0 0
1485 11 2 2 0 0 0 3 0 0
1488 6 0 0 0 0 0 1 0 0
1491 12 0 0 0 0 0 2 0 0
1492 2 0 0 1 0 0 0 0 0
1493 3 0 0 1 0 0 0 0 0
1495 6 1 1 0 0 0 1 0 0
1497 4 1 1 0 0 0 0 0 0
1499 5 0 0 2 0 0 1 0 0
1509 5 1 1 0 0 0 1 0 0
1586 4 0 0 2 0 0 0 0 0
1590 8 1 1 0 0 0 0 0 0
1591 1 0 0 0 0 0 0 0 0
1594 3 0 0 0 0 0 1 0 0
1595 1 0 0 1 0 0 0 0 0
1596 2 1 1 0 0 0 0 0 0
1597 3 0 0 0 0 0 0 0 0
1603 5 0 0 0 0 0 0 0 0
1604 8 1 1 1 0 0 1 0 0
1605 4 0 0 0 0 0 0 0 0
1607 2 0 0 1 0 0 0 0 0
1610 21 0 0 2 0 0 0 0 0
1611 21 1 1 14 0 0 0 0 0
1614 3 0 0 2 0 0 1 0 0
1615 3 0 0 1 0 0 0 0 0
1616 1 1 1 0 0 0 1 0 0
1618 22 1 1 0 0 0 0 0 0
1619 25 0 0 13 0 0 0 0 0
1629 2 1 1 0 0 0 1 0 0
1631 2 1 1 1 0 0 1 0 0
1632 3 0 0 1 0 0 0 0 0
1634 2 0 0 0 0 0 1 0 0
1636 3 0 0 0 0 0 0 0 0
1638 3 0 0 1 1 0 0 0 0
1639 1 0 0 1 0 0 0 0 0
1652 2 1 1 0 0 0 0 0 0
1653 2 0 0 1 0 0 1 0 0
1654 3 0 0 1 0 0 0 0 0
1665 5 1 1 1 0 0 1 0 0
1666 1 0 0 0 0 0 1 1 0
1667 5 0 0 0 0 0 1 0 0
1677 2 0 0 1 0 0 1 0 0
1678 2 1 1 1 0 0 0 0 0
1679 2 0 0 0 0 0 2 0 0
1681 2 0 0 1 0 0 0 0 0
1686 3 0 0 1 0 0 0 0 0
1916 3 0 0 1 1 1 0 0 0
1972 2 1 1 0 0 0 1 0 0
1976 4 1 1 2 0 0 2 0 0
1980 2 0 0 1 0 0 1 0 0
1983 2 0 0 1 0 0 0 0 0
2037 3 1 1 1 0 0 0 0 0
2044 1 0 0 1 1 0 0 0 0
2046 7 0 0 1 0 0 0 0 0
2048 17 1 1 0 0 0 0 0 0
2050 21 1 1 14 4 0 0 0 0
2055 14 0 0 14 2 0 0 0 0
2057 16 0 0 0 0 0 0 0 0
2059 1 1 1 0 0 0 1 0 0
2060 1 0 0 1 0 0 0 0 0
2063 7 0 0 7 0 0 0 0 0
2065 14 0 0 7 2 0 0 0 0
2066 48 0 0 12 5 0 6 0 0
2070 25 0 0 9 4 0 0 0 0
2071 6 0 0 0 0 0 2 0 0
2073 4 0 0 0 0 0 0 0 0
2075 3 1 1 0 0 0 1 0 0
2081 2 0 0 1 0 0 0 0 0
2086 4 1 1 2 0 0 0 0 0
2088 1 0 0 1 0 0 0 0 0
2093 3 0 0 1 0 0 1 0 0
2096 2 1 1 1 0 0 0 0 0
2105 3 0 0 2 2 0 0 0 0
2107 2 0 0 1 0 0 0 0 0
2122 5 1 1 0 0 0 0 0 0
2124 1 0 0 1 0 0 0 0 0
2125 5 0 0 1 0 0 1 0 0
2126 4 0 0 0 0 0 0 0 0
2128 2 0 0 1 0 0 0 0 0
2136 1 1 1 0 0 0 1 0 0
2140 3 0 0 1 0 0 0 0 0
2160 4 0 0 0 0 0 1 0 0
2161 1 0 0 0 0 0 1 0 0
2162 1 0 0 0 0 0 1 0 0
2163 1 0 0 0 0 0 0 0 0
2167 1 0 0 0 0 0 1 0 0
2172 8 0 0 7 2 0 0 0 0
2340 2 0 0 1 0 0 1 1 1
2342 1 0 0 0 0 0 1 0 0
2343 1 0 0 0 0 0 0 0 0
2347 12 1 1 1 0 0 4 0 0
2349 10 0 0 2 0 0 2 1 1
2353 41 1 1 8 0 0 0 0 0
2354 7 0 0 0 0 0 0 0 0
2356 2 0 0 0 0 0 0 0 0
2362 7 1 1 1 1 1 0 0 0
2383 6 1 1 0 0 0 1 0 0
2390 6 1 1 0 0 0 1 0 0
2392 3 0 0 0 0 0 1 1 1
2508 3 0 0 1 0 0 0 0 0
2538 3 0 0 1 0 0 0 0 0
fn=do_preload
652 6 1 1 0 0 0 3 0 0
654 1 0 0 0 0 0 1 0 0
658 1 0 0 0 0 0 1 0 0
659 1 0 0 0 0 0 1 0 0
660 1 0 0 0 0 0 1 0 0
662 1 0 0 1 0 0 0 0 0
664 6 1 1 0 0 0 1 0 0
665 3 0 0 1 0 0 0 0 0
673 3 1 1 1 0 0 0 0 0
679 5 0 0 4 0 0 0 0 0
fn=init_tls
571 2 0 0 0 0 0 1 0 0
573 2 0 0 1 1 0 1 0 0
577 2 0 0 1 1 0 0 0 0
583 2 0 0 0 0 0 1 0 0
586 1 0 0 0 0 0 1 0 0
587 4 1 1 0 0 0 1 0 0
592 1 0 0 0 0 0 0 0 0
594 1 0 0 0 0 0 1 0 0
598 2 0 0 1 1 1 0 0 0
599 1 0 0 0 0 0 0 0 0
600 17 1 1 1 0 0 0 0 0
601 14 0 0 7 0 0 0 0 0
602 14 0 0 7 2 0 0 0 0
606 6 0 0 0 0 0 2 1 1
608 2 0 0 0 0 0 0 0 0
610 3 1 1 0 0 0 0 0 0
613 1 0 0 0 0 0 1 0 0
620 2 0 0 0 0 0 1 0 0
621 2 0 0 0 0 0 0 0 0
627 2 1 1 1 0 0 1 0 0
630 7 0 0 0 0 0 2 0 0
633 1 1 1 0 0 0 1 0 0
636 3 0 0 2 0 0 0 0 0
fn=map_doit
478 2 1 1 0 0 0 1 0 0
480 4 0 0 1 0 0 0 0 0
481 6 0 0 2 0 0 2 0 0
483 2 0 0 2 0 0 0 0 0
fn=rtld_lock_default_lock_recursive
686 260 1 1 260 4 1 0 0 0
fn=rtld_lock_default_unlock_recursive
692 260 2 2 260 1 0 0 0 0
fn=version_check_doit
511 2 1 1 0 0 0 1 0 0
513 6 0 0 2 0 0 1 0 0
517 2 0 0 2 0 0 0 0 0
fl=/usr/src/debug/glibc-2.24-33-ge9e69e4/elf/setup-vdso.h
fn=dl_main
24 2 1 1 1 0 0 0 0 0
fl=/usr/src/debug/glibc-2.24-33-ge9e69e4/io/../sysdeps/unix/sysv/linux/wordsize-64/fxstat.c
fn=_fxstat
33 7 0 0 0 0 0 0 0 0
34 14 2 2 0 0 0 0 0 0
35 42 0 0 0 0 0 0 0 0
39 7 0 0 7 0 0 0 0 0
fl=/usr/src/debug/glibc-2.24-33-ge9e69e4/libio/../sysdeps/unix/sysv/linux/sys/sysmacros.h
fn=_IO_file_doallocate
41 6 1 1 0 0 0 0 0 0
fl=/usr/src/debug/glibc-2.24-33-ge9e69e4/libio/filedoalloc.c
fn=_IO_file_doallocate
78 5 1 1 0 0 0 3 0 0
84 9 1 1 3 1 0 1 1 0
86 4 0 0 1 1 0 0 0 0
89 2 0 0 0 0 0 0 0 0
91 2 1 1 1 0 0 0 0 0
94 1 0 0 1 0 0 0 0 0
97 3 0 0 1 0 0 0 0 0
101 3 0 0 0 0 0 1 0 0
102 2 0 0 0 0 0 0 0 0
103 1 0 0 0 0 0 0 0 0
104 4 0 0 0 0 0 1 0 0
105 1 0 0 0 0 0 0 0 0
106 5 0 0 4 0 0 0 0 0
fl=/usr/src/debug/glibc-2.24-33-ge9e69e4/libio/fileops.c
fn=_IO_do_write@@GLIBC_2.2.5
500 10 0 0 0 0 0 6 0 0
502 10 1 1 0 0 0 0 0 0
503 9 0 0 8 0 0 0 0 0
511 2 0 0 1 0 0 0 0 0
518 7 1 1 2 0 0 0 0 0
526 6 2 2 2 0 0 1 0 0
527 5 0 0 1 0 0 0 0 0
529 4 0 0 1 0 0 3 0 0
530 2 0 0 0 0 0 2 0 0
531 1 1 1 0 0 0 1 0 0
532 2 1 1 1 0 0 0 0 0
533 3 0 0 1 0 0 0 0 0
fn=_IO_file_overflow@@GLIBC_2.2.5
815 150 1 1 0 0 0 90 0 0
816 90 1 1 30 0 0 0 0 0
823 176 0 0 58 0 0 0 0 0
826 2 1 1 1 0 0 0 0 0
828 2 1 1 0 0 0 1 0 0
829 6 1 1 2 0 0 3 0 0
838 2 0 0 0 0 0 0 0 0
847 4 1 1 2 0 0 0 0 0
849 1 0 0 0 0 0 1 0 0
850 2 0 0 0 0 0 1 0 0
851 1 0 0 0 0 0 1 0 0
852 2 0 0 0 0 0 2 0 0
854 3 0 0 0 0 0 1 0 0
855 5 0 0 1 0 0 0 0 0
856 2 1 1 0 0 0 1 0 0
858 60 0 0 0 0 0 0 0 0
859 4 1 1 0 0 0 0 0 0
860 2 0 0 0 0 0 0 0 0
861 56 0 0 28 0 0 0 0 0
864 84 0 0 0 0 0 56 0 0
865 84 0 0 28 0 0 0 0 0
866 140 0 0 0 0 0 0 0 0
871 118 0 0 118 0 0 0 0 0
fn=_IO_file_setbuf@@GLIBC_2.2.5
458 2 1 1 0 0 0 1 0 0
459 3 0 0 0 0 0 1 0 0
462 2 0 0 0 0 0 2 0 0
463 2 1 1 1 0 0 1 0 0
464 3 0 0 0 0 0 3 0 0
466 1 0 0 0 0 0 0 0 0
467 2 0 0 2 0 0 0 0 0
fn=_IO_file_stat
1237 1 1 1 0 0 0 0 0 0
1238 3 0 0 1 0 0 0 0 0
fn=_IO_file_sync@@GLIBC_2.2.5
876 4 1 1 0 0 0 2 0 0
881 4 0 0 2 0 0 0 0 0
883 1 1 1 1 0 0 0 0 0
884 2 0 0 1 0 0 0 0 0
901 2 1 1 0 0 0 1 0 0
905 4 0 0 3 0 0 0 0 0
fn=_IO_file_write@@GLIBC_2.2.5
1264 6 0 0 0 0 0 5 0 0
1266 7 0 0 0 0 0 0 0 0
1270 2 1 1 0 0 0 0 0 0
1271 6 0 0 2 0 0 1 1 0
1272 2 0 0 0 0 0 0 0 0
1277 1 0 0 0 0 0 0 0 0
1278 1 0 0 0 0 0 0 0 0
1281 3 1 1 1 0 0 0 0 0
1284 9 1 1 6 0 0 0 0 0
fn=_IO_file_xsputn@@GLIBC_2.2.5
1288 50 0 0 0 0 0 30 0 0
1294 10 0 0 0 0 0 0 0 0
1295 5 1 1 0 0 0 0 0 0
1301 20 0 0 5 0 0 0 0 0
1303 12 0 0 8 0 0 0 0 0
1304 8 0 0 0 0 0 0 0 0
1307 46 1 1 0 0 0 0 0 0
1309 46 0 0 15 0 0 0 0 0
1311 1 1 1 0 0 0 0 0 0
1318 5 2 2 2 1 1 0 0 0
1322 9 1 1 0 0 0 0 0 0
1327 20 0 0 0 0 0 8 0 0
1332 4 0 0 0 0 0 0 0 0
1333 12 0 0 0 0 0 0 0 0
1335 8 0 0 0 0 0 0 0 0
1339 12 0 0 4 0 0 2 1 0
1345 4 0 0 4 0 0 0 0 0
1346 12 0 0 0 0 0 0 0 0
1348 6 0 0 0 0 0 0 0 0
1359 4 0 0 0 0 0 0 0 0
1360 6 1 1 0 0 0 1 0 0
1362 10 0 0 0 0 0 0 0 0
1363 40 0 0 35 0 0 0 0 0
fl=/usr/src/debug/glibc-2.24-33-ge9e69e4/libio/genops.c
fn=_IO_cleanup
894 12 0 0 4 0 0 0 0 0
896 9 1 1 3 1 1 0 0 0
898 6 0 0 2 0 0 0 0 0
904 16 2 2 6 1 1 2 0 0
912 5 0 0 2 0 0 0 0 0
914 2 0 0 0 0 0 1 0 0
916 2 0 0 1 0 0 1 0 0
917 1 0 0 0 0 0 1 0 0
918 2 1 1 1 0 0 1 0 0
921 5 0 0 2 1 1 1 0 0
923 3 0 0 1 0 0 0 0 0
927 5 1 1 1 0 0 0 0 0
928 8 1 1 3 0 0 1 0 0
934 3 0 0 0 0 0 3 0 0
954 7 1 1 0 0 0 6 0 0
957 3 1 1 0 0 0 1 0 0
969 9 0 0 7 0 0 0 0 0
fn=_IO_default_setbuf
381 5 2 2 1 0 0 0 0 0
383 1 0 0 0 0 0 1 0 0
384 1 0 0 0 0 0 1 0 0
388 3 0 0 0 0 0 1 0 0
522 8 2 2 0 0 0 4 0 0
523 5 0 0 2 0 0 1 0 0
525 2 0 0 0 0 0 0 0 0
527 2 0 0 0 0 0 1 0 0
528 2 0 0 0 0 0 0 0 0
532 2 0 0 1 0 0 0 0 0
535 3 1 1 0 0 0 3 0 0
536 3 0 0 0 0 0 3 0 0
537 1 0 0 0 0 0 0 0 0
538 6 0 0 5 0 0 0 0 0
fn=_IO_default_xsputn
422 8 0 0 0 0 0 6 0 0
425 2 1 1 0 0 0 0 0 0
430 116 0 0 58 0 0 0 0 0
455 310 1 1 84 0 0 28 0 0
457 28 1 1 0 0 0 0 0 0
459 2 1 1 1 0 0 0 0 0
460 8 0 0 7 0 0 0 0 0
fn=_IO_doallocbuf
394 3 0 0 0 0 0 3 1 0
395 2 1 1 1 0 0 0 0 0
397 4 0 0 1 0 0 0 0 0
398 5 1 1 2 1 0 1 0 0
401 4 0 0 4 0 0 0 0 0
fn=_IO_flush_all_lockp
766 8 1 1 0 0 0 6 0 0
772 4 0 0 0 0 0 1 0 0
777 1 0 0 1 1 1 0 0 0
778 1 1 1 1 1 1 0 0 0
779 8 1 1 0 0 0 0 0 0
781 3 0 0 0 0 0 3 0 0
782 6 1 1 0 0 0 0 0 0
783 1 0 0 1 0 0 0 0 0
785 21 3 3 9 6 6 0 0 0
795 6 1 1 0 0 0 0 0 0
797 3 0 0 0 0 0 3 0 0
799 12 1 1 3 0 0 0 0 0
806 3 0 0 3 3 3 0 0 0
810 2 0 0 0 0 0 0 0 0
812 3 0 0 1 0 0 0 0 0
816 9 0 0 7 0 0 0 0 0
fn=_IO_setb
380 3 1 1 0 0 0 1 0 0
381 4 0 0 2 0 0 0 0 0
383 1 0 0 0 0 0 1 0 0
384 1 0 0 0 0 0 1 0 0
386 6 0 0 0 0 0 1 0 0
389 3 0 0 2 0 0 0 0 0
fl=/usr/src/debug/glibc-2.24-33-ge9e69e4/libio/libioP.h
fn=_IO_cleanup
936 4 0 0 0 0 0 0 0 0
938 2 0 0 0 0 0 0 0 0
939 2 0 0 0 0 0 0 0 0
fn=_IO_default_setbuf
936 3 0 0 0 0 0 0 0 0
938 2 0 0 0 0 0 0 0 0
939 2 0 0 0 0 0 0 0 0
fn=_IO_default_xsputn
936 7 1 1 0 0 0 1 0 0
938 56 0 0 0 0 0 0 0 0
939 56 0 0 0 0 0 0 0 0
fn=_IO_do_write@@GLIBC_2.2.5
938 2 0 0 0 0 0 0 0 0
939 2 0 0 0 0 0 0 0 0
fn=_IO_doallocbuf
936 3 0 0 0 0 0 0 0 0
938 2 0 0 0 0 0 0 0 0
939 2 0 0 0 0 0 0 0 0
fn=_IO_file_doallocate
936 3 0 0 0 0 0 0 0 0
938 2 0 0 0 0 0 0 0 0
939 2 0 0 0 0 0 0 0 0
fn=_IO_file_xsputn@@GLIBC_2.2.5
936 6 0 0 0 0 0 0 0 0
938 4 0 0 0 0 0 0 0 0
939 4 1 1 0 0 0 0 0 0
fn=_IO_flush_all_lockp
936 4 1 1 0 0 0 0 0 0
fl=/usr/src/debug/glibc-2.24-33-ge9e69e4/malloc/arena.c
fn=malloc_hook_ini
257 3 0 0 1 1 1 0 0 0
fn=ptmalloc_init.part.5
218 165 0 0 55 8 0 0 0 0
220 108 0 0 54 27 0 0 0 0
221 6 0 0 3 0 0 0 0 0
222 2 0 0 1 0 0 0 0 0
236 54 0 0 0 0 0 0 0 0
255 6 1 1 0 0 0 5 0 0
260 1 0 0 0 0 0 1 0 0
268 2 1 1 1 0 0 0 0 0
269 7 2 2 0 0 0 1 0 0
270 4 0 0 2 0 0 0 0 0
274 3 0 0 1 1 0 1 1 0
276 5 1 1 2 2 0 0 0 0
292 2 0 0 0 0 0 0 0 0
337 2 1 1 0 0 0 0 0 0
344 2 0 0 2 2 1 0 0 0
345 2 0 0 0 0 0 0 0 0
348 1 0 0 0 0 0 1 1 0
349 7 0 0 6 1 0 0 0 0
fn=sysmalloc
485 4 0 0 0 0 0 1 0 0
fl=/usr/src/debug/glibc-2.24-33-ge9e69e4/malloc/hooks.c
fn=malloc_hook_ini
29 4 1 1 0 0 0 2 0 0
30 2 1 1 1 0 0 1 0 0
33 5 0 0 3 0 0 0 0 0
fl=/usr/src/debug/glibc-2.24-33-ge9e69e4/malloc/malloc.c
fn=_int_malloc
1888 9 1 1 3 0 0 0 0 0
3354 21 0 0 0 0 0 18 1 0
3384 33 2 2 0 0 0 3 2 0
3388 6 0 0 0 0 0 0 0 0
3390 3 0 0 0 0 0 0 0 0
3402 6 0 0 3 1 1 0 0 0
3439 6 1 1 0 0 0 0 0 0
3483 50 5 5 0 0 0 3 0 0
3484 6 0 0 3 0 0 0 0 0
3485 2 0 0 0 0 0 1 0 0
3504 18 1 1 3 0 0 3 0 0
3638 6 1 1 0 0 0 0 0 0
3640 15 1 1 3 0 0 0 0 0
3643 9 0 0 3 0 0 0 0 0
3711 6 0 0 3 0 0 0 0 0
3712 6 0 0 0 0 0 0 0 0
3713 6 0 0 0 0 0 0 0 0
3714 6 0 0 3 1 0 0 0 0
3715 6 0 0 0 0 0 0 0 0
3720 6 0 0 0 0 0 0 0 0
3724 12 1 1 0 0 0 0 0 0
3727 4 0 0 1 0 0 0 0 0
3827 3 1 1 3 0 0 0 0 0
3828 6 0 0 3 0 0 0 0 0
3830 9 1 1 0 0 0 0 0 0
3832 1 0 0 0 0 0 0 0 0
3833 1 0 0 0 0 0 0 0 0
3834 1 0 0 0 0 0 1 0 0
3835 9 1 1 0 0 0 1 0 0
3837 2 0 0 0 0 0 1 1 1
3840 1 0 0 0 0 0 0 0 0
3847 4 0 0 2 0 0 0 0 0
3852 9 0 0 0 0 0 3 0 0
3854 78 2 2 0 0 0 30 1 0
3862 8 0 0 0 0 0 2 0 0
3863 4 0 0 0 0 0 0 0 0
3868 29 2 2 21 0 0 0 0 0
5042 9 1 1 0 0 0 3 0 0
5044 18 0 0 0 0 0 3 0 0
fn=malloc
2914 9 1 1 0 0 0 6 0 0
2919 6 0 0 6 2 0 0 0 0
2920 6 0 0 0 0 0 0 0 0
2921 2 1 1 1 0 0 0 0 0
2923 28 1 1 10 0 0 0 0 0
2925 8 1 1 0 0 0 2 0 0
2928 4 0 0 0 0 0 0 0 0
2936 8 0 0 4 0 0 0 0 0
2938 15 1 1 2 0 0 0 0 0
2941 13 0 0 8 0 0 0 0 0
fn=malloc_consolidate
1811 504 1 1 1 0 0 0 0 0
1812 378 2 2 0 0 0 130 32 32
1816 3 0 0 0 0 0 0 0 0
1820 3 1 1 1 0 0 1 0 0
1821 2 0 0 0 0 0 1 0 0
1823 2 0 0 0 0 0 1 1 1
4157 7 1 1 0 0 0 6 1 0
4179 7 1 1 5 1 1 0 0 0
4218 1 1 1 0 0 0 1 1 0
4252 8 1 1 7 0 0 0 0 0
fn=malloc_hook_ini
2920 2 0 0 0 0 0 0 0 0
2923 13 2 2 5 1 0 0 0 0
2925 4 1 1 0 0 0 1 0 0
2928 2 0 0 0 0 0 0 0 0
2935 2 1 1 1 1 0 1 0 0
2936 4 0 0 2 0 0 0 0 0
2938 10 1 1 1 0 0 0 0 0
fn=sysmalloc
2277 16 1 1 0 0 0 12 0 0
2297 4 0 0 4 1 0 0 0 0
2308 4 0 0 0 0 0 0 0 0
2309 9 1 1 2 1 1 2 0 0
2310 3 1 1 2 0 0 0 0 0
2324 7 0 0 0 0 0 1 0 0
2330 2 0 0 0 0 0 0 0 0
2332 7 2 2 0 0 0 1 0 0
2334 2 0 0 0 0 0 0 0 0
2349 3 1 1 0 0 0 0 0 0
2364 3 0 0 0 0 0 1 1 1
2369 3 0 0 2 0 0 0 0 0
2370 5 0 0 2 0 0 0 0 0
2373 3 0 0 2 0 0 0 0 0
2374 5 0 0 2 0 0 0 0 0
2378 2 0 0 0 0 0 0 0 0
2389 1 0 0 1 0 0 0 0 0
2390 3 0 0 1 0 0 0 0 0
2391 1 0 0 0 0 0 0 0 0
2400 6 1 1 1 0 0 0 0 0
2406 3 0 0 0 0 0 0 0 0
2409 3 0 0 0 0 0 0 0 0
2462 3 2 2 1 0 0 0 0 0
2470 2 0 0 1 0 0 0 0 0
2471 1 0 0 0 0 0 0 0 0
2481 6 0 0 0 0 0 2 0 0
2489 2 0 0 0 0 0 0 0 0
2491 7 1 1 2 1 0 4 0 0
2492 2 0 0 1 0 0 0 0 0
2495 4 0 0 2 0 0 0 0 0
2498 4 0 0 2 0 0 0 0 0
2499 2 1 1 0 0 0 0 0 0
2545 2 0 0 1 1 0 0 0 0
2546 2 1 1 0 0 0 1 0 0
2547 3 0 0 1 0 0 1 0 0
2553 2 0 0 0 0 0 0 0 0
2556 7 1 1 1 0 0 0 0 0
2593 2 0 0 0 0 0 0 0 0
2599 4 0 0 0 0 0 0 0 0
2618 1 1 1 0 0 0 0 0 0
2621 2 0 0 0 0 0 0 0 0
2622 5 0 0 2 0 0 0 0 0
2624 2 0 0 0 0 0 0 0 0
2625 5 1 1 2 0 0 3 0 0
2637 4 0 0 2 0 0 0 0 0
2645 2 0 0 2 0 0 0 0 0
2646 4 0 0 1 0 0 0 0 0
2684 1 1 1 0 0 0 1 0 0
2685 5 0 0 0 0 0 1 1 1
2686 2 0 0 0 0 0 1 0 0
2697 2 0 0 0 0 0 0 0 0
2730 2 1 1 1 0 0 0 0 0
2731 1 0 0 0 0 0 1 0 0
2736 2 0 0 1 0 0 0 0 0
2739 2 0 0 0 0 0 0 0 0
2741 1 1 1 0 0 0 0 0 0
2742 1 0 0 0 0 0 0 0 0
2743 1 0 0 0 0 0 1 0 0
2744 8 0 0 0 0 0 1 0 0
2745 2 0 0 0 0 0 1 1 1
2747 1 0 0 0 0 0 0 0 0
2753 16 0 0 14 0 0 0 0 0
fl=/usr/src/debug/glibc-2.24-33-ge9e69e4/malloc/morecore.c
fn=__default_morecore
46 2 1 1 0 0 0 0 0 0
47 2 0 0 0 0 0 2 1 0
49 6 0 0 0 0 0 0 0 0
52 4 0 0 2 0 0 0 0 0
fl=/usr/src/debug/glibc-2.24-33-ge9e69e4/malloc/scratch_buffer_set_array_size.c
fn=__libc_scratch_buffer_set_array_size
26 20 0 0 0 0 0 15 0 0
27 10 0 0 0 0 0 0 0 0
30 15 1 1 0 0 0 0 0 0
31 10 0 0 0 0 0 0 0 0
41 10 1 1 5 0 0 0 0 0
42 5 0 0 0 0 0 0 0 0
59 20 0 0 20 0 0 0 0 0
fl=/usr/src/debug/glibc-2.24-33-ge9e69e4/math/../sysdeps/x86_64/fpu/multiarch/e_asin.c
fn=__acos_finite
10 5 2 2 3 0 0 0 0 0
fn=__asin_finite
16 5 0 0 3 0 0 0 0 0
fl=/usr/src/debug/glibc-2.24-33-ge9e69e4/math/../sysdeps/x86_64/fpu/multiarch/e_atan2.c
fn=__atan2_finite
9 8 1 1 3 0 0 0 0 0
fl=/usr/src/debug/glibc-2.24-33-ge9e69e4/math/../sysdeps/x86_64/fpu/multiarch/e_exp.c
fn=__exp_finite
9 8 2 2 3 0 0 0 0 0
fl=/usr/src/debug/glibc-2.24-33-ge9e69e4/math/../sysdeps/x86_64/fpu/multiarch/e_log.c
fn=__log_finite
9 8 1 1 3 0 0 0 0 0
fl=/usr/src/debug/glibc-2.24-33-ge9e69e4/math/../sysdeps/x86_64/fpu/multiarch/e_pow.c
fn=__pow_finite
8 5 1 1 3 0 0 0 0 0
fl=/usr/src/debug/glibc-2.24-33-ge9e69e4/math/../sysdeps/x86_64/fpu/multiarch/s_sin.c
fn=cos
12 8 1 1 3 0 0 0 0 0
fn=sin
17 8 1 1 3 0 0 0 0 0
fl=/usr/src/debug/glibc-2.24-33-ge9e69e4/misc/../sysdeps/unix/sysv/linux/wordsize-64/mmap.c
fn=mmap
32 170 1 1 0 0 0 102 4 4
33 98 4 4 5 0 0 0 0 0
34 170 0 0 0 0 0 0 0 0
36 119 0 0 119 0 0 0 0 0
fl=/usr/src/debug/glibc-2.24-33-ge9e69e4/misc/../sysdeps/unix/sysv/linux/x86_64/brk.c
fn=brk
31 16 1 1 2 0 0 2 0 0
33 4 0 0 0 0 0 0 0 0
39 2 0 0 0 0 0 0 0 0
40 2 0 0 2 0 0 0 0 0
fl=/usr/src/debug/glibc-2.24-33-ge9e69e4/misc/init-misc.c
fn=__init_misc
30 3 0 0 0 0 0 2 0 0
31 6 1 1 1 0 0 0 0 0
33 3 0 0 0 0 0 1 0 0
37 5 0 0 1 1 0 1 1 0
38 3 1 1 2 0 0 1 0 0
40 4 0 0 3 0 0 0 0 0
fl=/usr/src/debug/glibc-2.24-33-ge9e69e4/misc/sbrk.c
fn=sbrk
34 8 1 1 0 0 0 6 0 0
42 11 0 0 5 2 0 0 0 0
43 6 1 1 1 0 0 1 0 0
46 4 0 0 0 0 0 0 0 0
50 6 0 0 0 0 0 0 0 0
58 4 0 0 0 0 0 1 0 0
62 10 1 1 8 0 0 0 0 0
fl=/usr/src/debug/glibc-2.24-33-ge9e69e4/nptl/unregister-atfork.c
fn=__unregister_atfork
36 4 1 1 4 1 1 0 0 0
39 8 0 0 0 0 0 0 0 0
121 4 1 1 4 0 0 0 0 0
fl=/usr/src/debug/glibc-2.24-33-ge9e69e4/posix/../sysdeps/unix/sysv/linux/_exit.c
fn=_Exit
27 2 1 1 1 1 1 0 0 0
31 4 0 0 0 0 0 0 0 0
33 2 1 1 0 0 0 0 0 0
fl=/usr/src/debug/glibc-2.24-33-ge9e69e4/setjmp/sigjmp.c
fn=__sigjmp_save
28 2 0 0 0 0 0 1 0 0
29 3 0 0 0 0 0 1 0 0
34 3 0 0 2 0 0 0 0 0
fl=/usr/src/debug/glibc-2.24-33-ge9e69e4/stdio-common/../libio/libioP.h
fn=vfprintf
936 5 0 0 0 0 0 1 0 0
938 15 0 0 0 0 0 0 0 0
939 10 0 0 4 0 0 0 0 0
fl=/usr/src/debug/glibc-2.24-33-ge9e69e4/stdio-common/_itoa.c
fn=_itoa_word
168 8 1 1 0 0 0 0 0 0
170 4 0 0 0 0 0 0 0 0
179 124 2 2 10 1 1 10 0 0
188 4 0 0 2 0 0 0 0 0
fl=/usr/src/debug/glibc-2.24-33-ge9e69e4/stdio-common/printf-parse.h
fn=vfprintf
108 12 1 1 0 0 0 6 1 0
fl=/usr/src/debug/glibc-2.24-33-ge9e69e4/stdio-common/printf.c
fn=printf
28 8 1 1 0 0 0 5 0 0
32 6 2 2 0 0 0 4 0 0
33 5 0 0 2 2 0 1 0 0
37 2 0 0 1 0 0 0 0 0
fl=/usr/src/debug/glibc-2.24-33-ge9e69e4/stdio-common/vfprintf.c
fn=vfprintf
1236 8 1 1 0 0 0 6 0 0
1267 3 0 0 2 0 0 1 1 0
1275 4 0 0 1 1 0 1 0 0
1279 5 1 1 1 1 0 0 0 0
1290 7 0 0 0 0 0 1 0 0
1301 6 1 1 3 0 0 3 2 0
1312 1 0 0 0 0 0 1 0 0
1316 9 2 2 2 1 1 2 0 0
1317 14 1 1 7 1 0 1 0 0
1320 12 3 3 3 1 0 1 0 0
1324 3 1 1 2 0 0 0 0 0
1328 12 1 1 3 0 0 5 2 0
1349 2 0 0 0 0 0 2 0 0
1350 2 0 0 0 0 0 2 0 0
1351 2 0 0 0 0 0 2 0 0
1352 2 0 0 0 0 0 2 0 0
1353 2 0 0 0 0 0 2 0 0
1354 2 0 0 0 0 0 0 0 0
1355 2 1 1 0 0 0 2 0 0
1356 2 0 0 0 0 0 0 0 0
1357 2 0 0 0 0 0 2 0 0
1358 2 0 0 0 0 0 0 0 0
1359 2 0 0 0 0 0 0 0 0
1362 2 0 0 0 0 0 2 0 0
1363 2 1 1 0 0 0 2 0 0
1366 4 0 0 0 0 0 2 0 0
1367 6 0 0 2 0 0 2 0 0
1370 32 1 1 6 2 2 2 0 0
1531 2 1 1 0 0 0 1 0 0
1552 2 0 0 0 0 0 1 0 0
1636 250 20 20 68 0 0 28 0 0
1637 4 1 1 0 0 0 0 0 0
1654 2 1 1 2 0 0 0 0 0
1656 4 0 0 2 0 0 0 0 0
1664 8 0 0 2 0 0 4 0 0
1668 44 2 2 10 0 0 4 0 0
1670 5 0 0 2 0 0 0 0 0
1690 10 1 1 5 0 0 1 0 0
1691 2 0 0 0 0 0 0 0 0
1694 9 0 0 7 0 0 0 0 0
fl=/usr/src/debug/glibc-2.24-33-ge9e69e4/stdlib/../stdlib/strtol.c
fn=strtol
106 12 1 1 6 1 0 0 0 0
fl=/usr/src/debug/glibc-2.24-33-ge9e69e4/stdlib/../stdlib/strtol_l.c
fn=____strtol_l_internal
227 27 1 1 0 0 0 21 0 0
247 6 0 0 0 0 0 0 0 0
253 6 1 1 0 0 0 0 0 0
274 3 0 0 0 0 0 0 0 0
275 3 0 0 0 0 0 0 0 0
284 12 0 0 0 0 0 0 0 0
293 18 0 0 9 2 1 0 0 0
295 6 1 1 0 0 0 0 0 0
299 3 0 0 0 0 0 3 0 0
300 6 0 0 0 0 0 0 0 0
305 6 0 0 0 0 0 0 0 0
309 6 0 0 0 0 0 0 0 0
311 2 1 1 0 0 0 0 0 0
319 4 0 0 0 0 0 0 0 0
326 6 0 0 0 0 0 0 0 0
329 15 2 2 0 0 0 3 0 0
379 3 0 0 0 0 0 0 0 0
433 33 1 1 11 0 0 0 0 0
435 62 2 2 6 1 0 0 0 0
437 33 0 0 0 0 0 0 0 0
461 3 1 1 3 0 0 0 0 0
462 9 0 0 0 0 0 0 0 0
465 33 1 1 0 0 0 0 0 0
468 44 0 0 11 0 0 0 0 0
473 23 1 1 0 0 0 3 0 0
474 44 0 0 0 0 0 0 0 0
479 6 0 0 0 0 0 0 0 0
484 9 0 0 3 0 0 0 0 0
490 6 0 0 0 0 0 0 0 0
491 6 1 1 0 0 0 0 0 0
493 9 0 0 3 0 0 0 0 0
526 24 0 0 21 0 0 0 0 0
fl=/usr/src/debug/glibc-2.24-33-ge9e69e4/stdlib/atoi.c
fn=atoi
26 3 1 1 0 0 0 0 0 0
27 9 0 0 0 0 0 3 0 0
28 6 1 1 3 0 0 0 0 0
fl=/usr/src/debug/glibc-2.24-33-ge9e69e4/stdlib/cxa_atexit.c
fn=__cxa_atexit
35 12 0 0 0 0 0 6 0 0
37 12 0 0 0 0 0 0 0 0
41 18 1 1 6 1 0 0 0 0
43 6 0 0 0 0 0 6 0 0
44 6 0 0 0 0 0 6 3 0
45 6 0 0 0 0 0 6 0 0
47 6 0 0 0 0 0 6 0 0
48 6 0 0 0 0 0 0 0 0
57 36 1 1 0 0 0 18 0 0
59 24 0 0 24 0 0 0 0 0
fn=__new_exitfn
73 24 1 1 0 0 0 12 0 0
79 36 0 0 12 3 2 0 0 0
81 39 2 2 7 2 0 0 0 0
83 28 0 0 6 2 0 0 0 0
84 25 0 0 5 1 0 0 0 0
91 2 0 0 0 0 0 1 0 0
94 10 0 0 0 0 0 0 0 0
112 1 1 1 0 0 0 0 0 0
113 2 0 0 0 0 0 1 0 0
119 15 0 0 0 0 0 0 0 0
120 10 0 0 0 0 0 5 0 0
126 6 1 1 0 0 0 6 0 0
127 6 0 0 6 2 1 0 0 0
130 24 1 1 12 0 0 0 0 0
133 30 0 0 18 0 0 0 0 0
fl=/usr/src/debug/glibc-2.24-33-ge9e69e4/stdlib/cxa_finalize.c
fn=__cxa_finalize
31 32 1 1 0 0 0 24 1 1
35 28 1 1 8 0 0 0 0 0
39 92 0 0 4 0 0 0 0 0
44 40 1 1 20 1 1 0 0 0
46 15 0 0 5 0 0 0 0 0
47 5 0 0 5 0 0 0 0 0
48 24 0 0 10 0 0 0 0 0
51 5 0 0 5 1 1 0 0 0
54 10 0 0 5 0 0 0 0 0
56 10 0 0 0 0 0 5 0 0
60 10 0 0 5 0 0 0 0 0
67 28 1 1 8 1 1 0 0 0
71 24 1 1 4 1 1 0 0 0
79 8 0 0 0 0 0 0 0 0
80 8 0 0 0 0 0 0 0 0
82 28 0 0 24 0 0 0 0 0
fl=/usr/src/debug/glibc-2.24-33-ge9e69e4/stdlib/cxa_thread_atexit_impl.c
fn=__call_tls_dtors
145 3 1 1 0 0 0 2 0 0
146 4 0 0 2 2 2 0 0 0
164 4 1 1 3 0 0 0 0 0
fl=/usr/src/debug/glibc-2.24-33-ge9e69e4/stdlib/exit.c
fn=__run_exit_handlers
35 8 1 1 0 0 0 4 0 0
40 3 0 0 1 1 1 0 0 0
41 2 0 0 0 0 0 1 0 0
47 9 1 1 2 1 1 0 0 0
51 16 0 0 0 0 0 0 0 0
53 6 0 0 0 0 0 6 0 0
54 6 0 0 0 0 0 0 0 0
55 45 1 1 6 1 1 0 0 0
79 2 1 1 0 0 0 0 0 0
81 3 0 0 2 1 1 0 0 0
83 3 1 1 1 1 1 1 0 0
84 1 0 0 0 0 0 0 0 0
88 2 0 0 1 0 0 1 0 0
89 2 0 0 0 0 0 0 0 0
95 2 0 0 0 0 0 0 0 0
96 8 0 0 1 1 1 1 0 0
98 2 0 0 0 0 0 1 0 0
fn=exit
104 1 0 0 0 0 0 0 0 0
105 4 1 1 0 0 0 1 0 0
fl=/usr/src/debug/glibc-2.24-33-ge9e69e4/string/../bits/stdlib-bsearch.h
fn=intel_check_word
27 22 0 0 0 0 0 0 0 0
28 44 0 0 0 0 0 0 0 0
29 284 0 0 0 0 0 0 0 0
31 390 1 1 0 0 0 0 0 0
32 146 0 0 0 0 0 0 0 0
37 42 0 0 0 0 0 0 0 0
fl=/usr/src/debug/glibc-2.24-33-ge9e69e4/string/../sysdeps/x86/cacheinfo.c
fn=handle_intel
261 21 1 1 0 0 0 18 0 0
262 9 1 1 0 0 0 0 0 0
267 12 0 0 0 0 0 3 0 0
269 3 0 0 0 0 0 3 0 0
270 3 0 0 0 0 0 3 0 0
272 3 0 0 0 0 0 0 0 0
278 15 1 1 0 0 0 3 0 0
283 6 0 0 0 0 0 0 0 0
285 9 0 0 0 0 0 3 0 0
286 3 0 0 0 0 0 0 0 0
290 12 0 0 0 0 0 3 0 0
291 6 1 1 0 0 0 0 0 0
294 15 0 0 0 0 0 3 0 0
295 6 0 0 0 0 0 0 0 0
298 10 0 0 0 0 0 2 0 0
299 4 0 0 0 0 0 0 0 0
302 10 0 0 2 0 0 2 0 0
303 4 0 0 0 0 0 0 0 0
312 24 1 1 21 0 0 0 0 0
fn=init_cacheinfo
479 7 1 1 0 0 0 6 0 0
491 4 0 0 2 0 0 0 0 0
493 5 1 1 1 0 0 1 0 0
495 4 0 0 0 0 0 1 0 0
499 1 0 0 0 0 0 1 0 0
500 4 1 1 0 0 0 1 0 0
508 2 0 0 0 0 0 0 0 0
519 1 0 0 0 0 0 0 0 0
524 2 0 0 1 0 0 0 0 0
528 2 0 0 0 0 0 0 0 0
536 9 1 1 0 0 0 0 0 0
539 14 1 1 0 0 0 0 0 0
545 8 0 0 0 0 0 0 0 0
548 26 0 0 0 0 0 0 0 0
553 2 0 0 0 0 0 0 0 0
557 4 0 0 0 0 0 0 0 0
558 1 0 0 0 0 0 0 0 0
562 2 0 0 0 0 0 0 0 0
566 3 0 0 0 0 0 0 0 0
569 3 0 0 0 0 0 0 0 0
570 1 0 0 0 0 0 0 0 0
575 4 0 0 0 0 0 0 0 0
581 2 1 1 0 0 0 0 0 0
589 9 0 0 1 0 0 0 0 0
591 4 1 1 0 0 0 0 0 0
593 7 0 0 0 0 0 0 0 0
595 8 0 0 0 0 0 0 0 0
597 2 0 0 0 0 0 0 0 0
598 2 0 0 0 0 0 0 0 0
599 8 1 1 0 0 0 0 0 0
601 4 0 0 0 0 0 0 0 0
604 2 0 0 0 0 0 0 0 0
609 1 0 0 0 0 0 0 0 0
611 4 0 0 0 0 0 0 0 0
612 3 0 0 0 0 0 0 0 0
613 1 0 0 0 0 0 0 0 0
616 4 0 0 0 0 0 0 0 0
619 2 0 0 0 0 0 0 0 0
623 2 0 0 1 0 0 0 0 0
626 1 0 0 0 0 0 0 0 0
628 4 1 1 0 0 0 0 0 0
629 2 0 0 0 0 0 0 0 0
634 2 0 0 0 0 0 0 0 0
640 2 0 0 0 0 0 0 0 0
641 2 0 0 0 0 0 0 0 0
642 1 0 0 0 0 0 0 0 0
643 2 0 0 1 0 0 0 0 0
680 4 1 1 0 0 0 0 0 0
681 4 0 0 0 0 0 0 0 0
685 2 0 0 0 0 0 0 0 0
745 2 0 0 0 0 0 0 0 0
747 3 0 0 0 0 0 1 0 0
748 1 0 0 0 0 0 1 1 1
750 1 0 0 0 0 0 0 0 0
751 3 0 0 0 0 0 1 0 0
752 1 1 1 0 0 0 1 1 1
755 2 0 0 0 0 0 0 0 0
757 3 0 0 0 0 0 1 0 0
758 1 0 0 0 0 0 1 0 0
760 1 0 0 0 0 0 0 0 0
761 4 1 1 0 0 0 1 0 0
762 1 0 0 0 0 0 1 0 0
768 3 0 0 0 0 0 1 1 1
769 8 0 0 7 0 0 0 0 0
fn=intel_check_word
121 292 0 0 146 8 8 0 0 0
124 140 0 0 0 0 0 0 0 0
132 60 0 0 0 0 0 40 0 0
133 20 1 1 0 0 0 0 0 0
135 7 0 0 0 0 0 0 0 0
139 70 1 1 0 0 0 0 0 0
141 58 1 1 0 0 0 0 0 0
143 22 1 1 0 0 0 0 0 0
145 44 0 0 0 0 0 0 0 0
153 44 0 0 0 0 0 0 0 0
204 44 0 0 0 0 0 0 0 0
209 16 0 0 8 0 0 0 0 0
212 48 0 0 16 0 0 0 0 0
226 22 0 0 0 0 0 0 0 0
231 24 0 0 6 0 0 0 0 0
233 3 1 1 0 0 0 0 0 0
235 6 0 0 0 0 0 0 0 0
237 3 1 1 3 0 0 0 0 0
245 6 0 0 0 0 0 0 0 0
251 19 0 0 0 0 0 0 0 0
256 60 0 0 50 0 0 0 0 0
fl=/usr/src/debug/glibc-2.24-33-ge9e69e4/string/strdup.c
fn=strdup
40 20 0 0 0 0 0 10 0 0
41 10 1 1 0 0 0 5 0 0
42 10 0 0 0 0 0 5 0 0
44 10 0 0 0 0 0 0 0 0
47 20 0 0 0 0 0 0 0 0
48 15 0 0 10 0 0 0 0 0
fl=/usr/src/debug/glibc-2.24-33-ge9e69e4/time/../sysdeps/generic/dl-hash.h
fn=gettimeofday
45 12 1 1 4 0 0 0 0 0
48 12 0 0 0 0 0 0 0 0
62 16 0 0 0 0 0 0 0 0
67 1 0 0 0 0 0 0 0 0
fn=time
45 12 0 0 4 1 1 0 0 0
48 12 1 1 0 0 0 0 0 0
62 16 0 0 0 0 0 0 0 0
67 1 0 0 0 0 0 0 0 0
fl=/usr/src/debug/glibc-2.24-33-ge9e69e4/time/../sysdeps/unix/sysv/linux/x86/gettimeofday.c
fn=gettimeofday
36 1 0 0 0 0 0 0 0 0
37 10 2 2 0 0 0 4 0 0
40 3 0 0 0 0 0 1 0 0
41 3 0 0 0 0 0 0 0 0
42 2 0 0 1 0 0 0 0 0
fl=/usr/src/debug/glibc-2.24-33-ge9e69e4/time/../sysdeps/unix/sysv/linux/x86/time.c
fn=time
37 1 0 0 0 0 0 0 0 0
38 10 2 2 0 0 0 4 0 0
41 3 0 0 0 0 0 1 0 0
42 3 0 0 0 0 0 0 0 0
43 2 0 0 1 0 0 0 0 0
fl=???
fn=???
0 415 51 46 205 30 12 56 1 1
fn=__libc_csu_init
0 34 2 2 8 1 0 8 0 0
fn=_start
0 11 1 1 2 1 0 3 0 0
fn=main
0 1500009052 5 5 800005016 1 1 100001013 99999999 99999999
summary: 1502136236 1114 1096 800523177 12972 7799 100182023 100002077 100001285
