1         1.1270166537925833e-01  
2         1.0102051443364360e-02  
3         1.0010020050140664e-03  
4         1.0001000200050570e-04  
5         1.0000100001983425e-05  
6         1.0000009999973666e-06  
7         1.0000001000512127e-07  
8         1.0000000094241266e-08  
9         9.9999997477078107e-10  
10         9.9999991745962971e-11  
11         9.9999991727962953e-12  
12         9.9996661057089071e-13  
13         9.9968905481293445e-14  
14         1.0007992778373793e-14  
15         1.0007992778373612e-15  
16         8.8977697537484391e-17  
17         2.0000000000000001e-17  
18         2.0000000000000001e-18  
19         2.0000000000000002e-19  
20         2.0000000000000002e-20  
21         2.0000000000000002e-21  
22         2.0000000000000001e-22  
23         2.0000000000000002e-23  
24         2.0000000000000002e-24  
25         2.0000000000000003e-25  
26         2.0000000000000004e-26  
27         2.0000000000000004e-27  
28         2.0000000000000004e-28  
29         2.0000000000000004e-29  
30         2.0000000000000005e-30  
31         2.0000000000000006e-31  
32         2.0000000000000007e-32  
33         2.0000000000000008e-33  
34         2.0000000000000007e-34  
35         2.0000000000000008e-35  
36         2.0000000000000009e-36  
37         2.0000000000000010e-37  
38         2.0000000000000010e-38  
39         2.0000000000000008e-39  
40         2.0000000000000007e-40  
41         2.0000000000000008e-41  
42         2.0000000000000007e-42  
43         2.0000000000000006e-43  
44         2.0000000000000007e-44  
45         2.0000000000000006e-45  
46         2.0000000000000004e-46  
47         2.0000000000000004e-47  
48         2.0000000000000006e-48  
49         2.0000000000000006e-49  
50         2.0000000000000007e-50  
51         2.0000000000000006e-51  
52         2.0000000000000008e-52  
53         2.0000000000000008e-53  
54         2.0000000000000006e-54  
55         2.0000000000000007e-55  
56         2.0000000000000008e-56  
57         2.0000000000000008e-57  
58         2.0000000000000008e-58  
59         2.0000000000000009e-59  
60         2.0000000000000010e-60  
61         2.0000000000000011e-61  
62         2.0000000000000009e-62  
63         2.0000000000000009e-63  
64         2.0000000000000009e-64  
65         2.0000000000000011e-65  
66         2.0000000000000010e-66  
67         2.0000000000000009e-67  
68         2.0000000000000010e-68  
69         2.0000000000000010e-69  
70         2.0000000000000010e-70  
71         2.0000000000000010e-71  
72         2.0000000000000009e-72  
73         2.0000000000000009e-73  
74         2.0000000000000011e-74  
75         2.0000000000000011e-75  
76         2.0000000000000011e-76  
77         2.0000000000000010e-77  
78         2.0000000000000010e-78  
79         2.0000000000000009e-79  
80         2.0000000000000010e-80  
81         2.0000000000000011e-81  
82         2.0000000000000011e-82  
83         2.0000000000000012e-83  
84         2.0000000000000012e-84  
85         2.0000000000000011e-85  
86         2.0000000000000012e-86  
87         2.0000000000000012e-87  
88         2.0000000000000013e-88  
89         2.0000000000000011e-89  
90         2.0000000000000013e-90  
91         2.0000000000000014e-91  
92         2.0000000000000013e-92  
93         2.0000000000000015e-93  
94         2.0000000000000015e-94  
95         2.0000000000000016e-95  
96         2.0000000000000015e-96  
97         2.0000000000000014e-97  
98         2.0000000000000015e-98  
99         2.0000000000000017e-99  
100        2.0000000000000016e-100  
