-0.5 0.5
-0.25 2.25
-0.125 3.125
-0.0625 3.5625
-0.03125 3.78125
-0.015625 3.89062
0.992188 1.94531
-0.503906 0.972656
-1.25195 0.486328
0.374023 0.243164
-0.812988 0.121582
0.593506 0.060791
0.296753 2.0304
-0.851624 1.0152
-0.425812 2.5076
-0.212906 3.2538
-0.106453 3.6269
-0.0532265 3.81345
0.973387 1.90672
-0.513307 0.953362
-1.25665 0.476681
-0.628327 2.23834
0.685837 1.11917
-0.657082 0.559585
-0.328541 2.27979
0.83573 1.1399
-0.582135 0.569948
-0.291068 2.28497
-1.14553 1.14249
-0.572767 2.57124
-0.286383 3.28562
-0.143192 3.64281
-0.0715959 3.82141
0.964202 1.9107
-0.517899 0.955351
0.741051 0.477676
0.370525 2.23884
0.185263 3.11942
1.09263 1.55971
1.54632 0.779855
0.773158 2.38993
-0.613421 1.19496
-1.30671 0.597482
-0.653355 2.29874
-1.32668 1.14937
-0.663339 2.57469
-0.331669 3.28734
0.834165 1.64367
-0.582917 0.821836
-0.291459 2.41092
-0.145729 3.20546
-1.07286 1.60273
-1.53643 0.801365
0.231784 0.400682
0.115892 2.20034
1.05795 1.10017
0.528973 2.55009
0.264486 3.27504
0.132243 3.63752
1.06612 1.81876
0.533061 2.90938
-0.73347 1.45469
-0.366735 2.72735
-0.183367 3.36367
-1.09168 1.68184
-0.545842 2.84092
0.727079 1.42046
0.36354 2.71023
-0.81823 1.35511
-1.40912 0.677557
-1.70456 0.338779
0.147721 0.169389
0.0738606 2.08469
0.0369303 3.04235
-0.981535 1.52117
-1.49077 0.760587
-1.74538 0.380293
-1.87269 0.190147
-0.936346 2.09507
-1.46817 1.04754
0.265914 0.523768
1.13296 0.261884
0.566478 2.13094
-0.716761 1.06547
-1.35838 0.532736
0.32081 0.266368
-0.839595 0.133184
0.580202 0.0665919
-0.709899 0.033296
0.645051 0.016648
1.32253 0.00832399
-0.338737 0.004162
0.830631 0.002081
0.415316 2.00104
-0.792342 1.00052
-0.396171 2.50026
-1.19809 1.25013
0.400957 0.625065
1.20048 0.312533
0.600239 2.15627
-0.69988 1.07813
-1.34994 0.539067
-1.67497 0.269533
-0.837485 2.13477
-0.418743 3.06738
-1.20937 1.53369
-1.60469 0.766846
-0.802343 2.38342
0.598829 1.19171
1.29941 0.595856
0.649707 2.29793
1.32485 1.14896
-0.337573 0.574482
0.831213 0.287241
1.41561 0.14362
-0.292197 0.0718102
-1.1461 0.0359051
0.426951 0.0179526
-0.786525 0.00897628
0.606738 0.00448814
1.30337 0.00224407
-0.348316 0.00112204
0.825842 0.000561018
1.41292 0.000280509
0.706461 2.00014
0.35323 3.00007
-0.823385 1.50004
-0.411692 2.75002
-0.205846 3.37501
-0.102923 3.6875
-0.0514616 3.84375
-1.02573 1.92188
-1.51287 0.960938
-1.75643 0.480469
-1.87822 0.240235
-0.939108 2.12012
-0.469554 3.06006
0.765223 1.53003
-0.617389 0.765015
-1.30869 0.382507
-1.65435 0.191254
0.172826 0.0956268
-0.913587 0.0478134
-0.456793 2.02391
-1.2284 1.01195
-0.614198 2.50598
-1.3071 1.25299
-1.65355 0.626494
0.173225 0.313247
1.08661 0.156624
1.54331 0.0783118
0.771653 2.03916
1.38583 1.01958
1.69291 0.509789
0.846457 2.25489
0.423228 3.12745
1.21161 1.56372
0.605807 2.78186
-0.697096 1.39093
-1.34855 0.695465
-0.674274 2.34773
-1.33714 1.17387
0.331431 0.586933
1.16572 0.293467
-0.417142 0.146733
0.791429 0.0733666
-0.604286 0.0366833
0.697857 0.0183417
0.348929 2.00917
1.17446 1.00459
0.587232 2.50229
1.29362 1.25115
1.64681 0.625573
1.8234 0.312787
1.9117 0.156393
1.95585 0.0781966
0.977926 2.0391
-0.511037 1.01955
0.744481 0.509775
-0.627759 0.254887
-1.31388 0.127444
-1.65694 0.0637218
0.17153 0.0318609
1.08577 0.0159305
-0.457117 0.00796523
0.771441 0.00398261
-0.614279 0.00199131
-0.30714 2.001
-1.15357 1.0005
-0.576785 2.50025
-1.28839 1.25012
-0.644196 2.62506
-0.322098 3.31253
-1.16105 1.65627
0.419475 0.828133
-0.790262 0.414066
-0.395131 2.20703
-0.197566 3.10352
-1.09878 1.55176
-0.549391 2.77588
-0.274696 3.38794
-1.13735 1.69397
-0.568674 2.84698
-1.28434 1.42349
0.357832 0.711746
0.178916 2.35587
0.0894579 3.17794
1.04473 1.58897
-0.477636 0.794484
0.761182 0.397242
1.38059 0.198621
0.690296 2.09931
0.345148 3.04966
0.172574 3.52483
-0.913713 1.76241
-1.45686 0.881207
0.271572 0.440603
0.135786 2.2203
1.06789 1.11015
0.533946 2.55508
0.266973 3.27754
1.13349 1.63877
0.566743 2.81938
0.283372 3.40969
0.141686 3.70485
0.0708429 3.85242
-0.964579 1.92621
0.517711 0.963106
-0.741145 0.481553
-1.37057 0.240776
0.314714 0.120388
0.157357 2.06019
1.07868 1.0301
-0.460661 0.515049
-0.23033 2.25752
0.884835 1.12876
0.442417 2.56438
1.22121 1.28219
-0.389396 0.641095
0.805302 0.320548
0.402651 2.16027
0.201326 3.08014
0.100663 3.54007
-0.949669 1.77003
-1.47483 0.885017
0.262583 0.442509
1.13129 0.221254
1.56565 0.110627
0.782823 2.05531
0.391411 3.02766
-0.804294 1.51383
-1.40215 0.756914
0.298926 0.378457
0.149463 2.18923
0.0747316 3.09461
0.0373658 3.54731
0.0186829 3.77365
0.00934145 3.88683
1.00467 1.94341
0.502335 2.97171
-0.748832 1.48585
-1.37442 0.742927
-1.68721 0.371463
-1.8436 0.185732
-0.921802 2.09287
0.539099 1.04643
1.26955 0.523216
0.634775 2.26161
-0.682613 1.1308
-0.341306 2.5654
-0.170653 3.2827
0.914673 1.64135
1.45734 0.820675
0.728668 2.41034
1.36433 1.20517
-0.317833 0.602584
0.841084 0.301292
1.42054 0.150646
0.710271 2.07532
0.355135 3.03766
1.17757 1.51883
0.588784 2.75942
0.294392 3.37971
0.147196 3.68985
0.073598 3.84493
1.0368 1.92246
1.5184 0.961232
1.7592 0.480616
0.8796 2.24031
1.4398 1.12015
0.7199 2.56008
1.35995 1.28004
-0.320025 0.640019
0.839987 0.32001
-0.580006 0.160005
-1.29 0.0800024
0.354998 0.0400012
1.1775 0.0200006
0.58875 2.01
1.29437 1.005
1.64719 0.5025
1.82359 0.25125
0.911797 2.12563
0.455898 3.06281
0.227949 3.53141
0.113975 3.7657
-0.943013 1.88285
0.528494 0.941426
-0.735753 0.470713
0.632123 0.235356
0.316062 2.11768
0.158031 3.05884
-0.920985 1.52942
-1.46049 0.76471
-0.730246 2.38235
0.634877 1.19118
0.317438 2.59559
-0.841281 1.29779
-0.42064 2.6489
0.78968 1.32445
1.39484 0.662224
1.69742 0.331112
-0.15129 0.165556
-0.075645 2.08278
0.962177 1.04139
1.48109 0.520695
-0.259456 0.260347
0.870272 0.130174
1.43514 0.0650868
1.71757 0.0325434
0.858784 2.01627
0.429392 3.00814
1.2147 1.50407
0.607348 2.75203
-0.696326 1.37602
0.651837 0.688008
1.32592 0.344004
0.662959 2.172
1.33148 1.086
0.66574 2.543
1.33287 1.2715
0.666435 2.63575
0.333217 3.31788
0.166609 3.65894
0.0833044 3.82947
1.04165 1.91473
0.520826 2.95737
1.26041 1.47868
-0.369793 0.739342
-0.184897 2.36967
0.907552 1.18484
-0.546224 0.592418
-0.273112 2.29621
-0.136556 3.1481
-1.06828 1.57405
-0.534139 2.78703
-1.26707 1.39351
-0.633535 2.69676
0.683233 1.34838
-0.658384 0.674189
-1.32919 0.337095
0.335404 0.168547
1.1677 0.0842736
1.58385 0.0421368
-0.208074 0.0210684
0.895963 0.0105342
1.44798 0.0052671
-0.276009 0.00263355
0.861995 0.00131678
1.431 0.000658388
1.7155 0.000329194
0.857749 2.00016
0.428875 3.00008
-0.785563 1.50004
-1.39278 0.750021
-1.69639 0.37501
-1.8482 0.187505
-1.9241 0.0937526
-1.96205 0.0468763
-0.981024 2.02344
0.509488 1.01172
-0.745256 0.50586
0.627372 0.25293
-0.686314 0.126465
0.656843 0.0632324
0.328421 2.03162
1.16421 1.01581
-0.417895 0.507904
-0.208947 2.25395
-1.10447 1.12698
-0.552237 2.56349
-0.276118 3.28174
-0.138059 3.64087
-0.0690296 3.82044
-1.03451 1.91022
-0.517257 2.95511
-1.25863 1.47755
-0.629314 2.73878
0.685343 1.36939
1.34267 0.684694
1.67134 0.342347
0.835668 2.17117
0.417834 3.08559
1.20892 1.54279
0.604458 2.7714
1.30223 1.3857
-0.348885 0.692849
-0.174443 2.34642
0.912779 1.17321
-0.543611 0.586606
0.728195 0.293303
0.364097 2.14665
1.18205 1.07333
0.591024 2.53666
1.29551 1.26833
0.647756 2.63417
0.323878 3.31708
0.161939 3.65854
-0.91903 1.82927
-0.459515 2.91464
-1.22976 1.45732
-0.614879 2.72866
-1.30744 1.36433
-1.65372 0.682165
-0.82686 2.34108
-0.41343 3.17054
-0.206715 3.58527
-1.10336 1.79264
-1.55168 0.896318
0.224161 0.448159
-0.88792 0.224079
0.55604 0.11204
0.27802 2.05602
0.13901 3.02801
1.06951 1.514
1.53475 0.757002
1.76738 0.378501
1.88369 0.189251
0.941844 2.09463
0.470922 3.04731
-0.764539 1.52366
0.617731 0.761828
-0.691135 0.380914
0.654433 0.190457
1.32722 0.0952285
1.66361 0.0476143
0.831804 2.02381
-0.584098 1.0119
0.707951 0.505952
-0.646024 0.252976
0.676988 0.126488
1.33849 0.063244
1.66925 0.031622
-0.165377 0.015811
-1.08269 0.0079055
0.458656 0.00395275
0.229328 2.00198
-0.885336 1.00099
-0.442668 2.50049
-0.221334 3.25025
0.889333 1.62512
0.444666 2.81256
0.222333 3.40628
1.11117 1.70314
1.55558 0.85157
0.777792 2.42579
0.388896 3.21289
1.19445 1.60645
1.59722 0.803223
0.798612 2.40161
1.39931 1.20081
0.699653 2.6004
-0.650174 1.3002
0.674913 0.650101
-0.662543 0.32505
0.668728 0.162525
-0.665636 0.0812626
-0.332818 2.04063
-0.166409 3.02032
-0.0832045 3.51016
-1.0416 1.75508
-1.5208 0.877539
-1.7604 0.43877
-0.8802 2.21938
-0.4401 3.10969
-0.22005 3.55485
-1.11003 1.77742
-0.555013 2.88871
-1.27751 1.44436
0.361247 0.722178
-0.819377 0.361089
-1.40969 0.180544
-1.70484 0.0902722
0.147578 0.0451361
1.07379 0.0225681
0.536894 2.01128
1.26845 1.00564
0.634224 2.50282
0.317112 3.25141
1.15856 1.62571
-0.420722 0.812853
-1.21036 0.406426
0.394819 0.203213
0.19741 2.10161
1.0987 1.0508
0.549352 2.5254
-0.725324 1.2627
-1.36266 0.63135
-1.68133 0.315675
-0.840665 2.15784
-0.420333 3.07892
-0.210166 3.53946
-1.10508 1.76973
0.447458 0.884865
0.223729 2.44243
1.11186 1.22122
1.55593 0.610608
1.77797 0.305304
1.88898 0.152652
1.94449 0.076326
0.972246 2.03816
1.48612 1.01908
-0.256939 0.509541
-0.128469 2.25477
-0.0642346 3.12739
-0.0321173 3.56369
0.983941 1.78185
0.491971 2.89092
1.24599 1.44546
0.622993 2.72273
0.311496 3.36137
0.155748 3.68068
1.07787 1.84034
1.53894 0.920171
-0.230531 0.460085
-0.115266 2.23004
-1.05763 1.11502
0.471184 0.557511
0.235592 2.27876
-0.882204 1.13938
0.558898 0.569689
1.27945 0.284844
1.63972 0.142422
1.81986 0.0712111
-0.0900689 0.0356056
-1.04503 0.0178028
-1.52252 0.00890139
-0.761259 2.00445
-1.38063 1.00223
-1.69031 0.501113
-0.845157 2.25056
0.577421 1.12528
1.28871 0.562639
1.64436 0.28132
1.82218 0.14066
1.91109 0.0703299
-0.0444556 0.0351649
-0.0222278 2.01758
0.988886 1.00879
0.494443 2.5044
-0.752778 1.2522
-0.376389 2.6261
-1.18819 1.31305
0.405903 0.656525
1.20295 0.328262
0.601476 2.16413
1.30074 1.08207
0.650369 2.54103
1.32518 1.27052
-0.337408 0.635258
-0.168704 2.31763
-0.0843519 3.15881
-0.042176 3.57941
-1.02109 1.7897
-0.510544 2.89485
0.744728 1.44743
-0.627636 0.723713
-1.31382 0.361856
-1.65691 0.180928
-1.82845 0.0904641
-0.914227 2.04523
-0.457114 3.02262
-1.22856 1.51131
-1.61428 0.755654
-1.80714 0.377827
-0.90357 2.18891
-0.451785 3.09446
-0.225892 3.54723
-1.11295 1.77361
0.443527 0.886807
0.221763 2.4434
1.11088 1.2217
0.555441 2.61085
-0.72228 1.30543
-0.36114 2.65271
-1.18057 1.32636
0.409715 0.663178
0.204858 2.33159
1.10243 1.16579
1.55121 0.582897
0.775607 2.29145
0.387804 3.14572
1.1939 1.57286
0.596951 2.78643
1.29848 1.39322
0.649238 2.69661
1.32462 1.3483
1.66231 0.674152
1.83115 0.337076
0.915577 2.16854
0.457789 3.08427
-0.771106 1.54213
-0.385553 2.77107
0.807224 1.38553
-0.596388 0.692767
-0.298194 2.34638
-0.149097 3.17319
0.925451 1.5866
0.462726 2.7933
-0.768637 1.39665
0.615681 0.698324
0.307841 2.34916
0.15392 3.17458
1.07696 1.58729
-0.46152 0.793645
-1.23076 0.396823
-0.61538 2.19841
-0.30769 3.09921
-0.153845 3.5496
0.923078 1.7748
-0.538461 0.887401
-1.26923 0.4437
0.365385 0.22185
0.182692 2.11093
0.0913462 3.05546
1.04567 1.52773
-0.477163 0.763866
0.761418 0.381933
1.38071 0.190966
0.690355 2.09548
-0.654823 1.04774
-1.32741 0.523871
0.336294 0.261935
0.168147 2.13097
1.08407 1.06548
-0.457963 0.532742
-1.22898 0.266371
-0.614491 2.13319
-1.30725 1.06659
0.346377 0.533296
-0.826811 0.266648
-0.413406 2.13332
-1.2067 1.06666
0.396649 0.533331
1.19832 0.266666
1.59916 0.133333
1.79958 0.0666664
1.89979 0.0333332
1.9499 0.0166666
-0.0250524 0.0083333
0.987474 0.00416665
1.49374 0.00208332
0.746868 2.00104
-0.626566 1.00052
-0.313283 2.50026
-0.156641 3.25013
-0.0783207 3.62507
-0.0391604 3.81253
-1.01958 1.90627
-1.50979 0.953133
-1.7549 0.476567
-1.87745 0.238283
-0.938724 2.11914
0.530638 1.05957
0.265319 2.52979
1.13266 1.26489
-0.43367 0.632446
-1.21684 0.316223
0.391582 0.158112
0.195791 2.07906
0.0978956 3.03953
0.0489478 3.51976
1.02447 1.75988
-0.487763 0.879941
-0.243882 2.43997
0.878059 1.21999
1.43903 0.609993
-0.280485 0.304996
-1.14024 0.152498
0.429879 0.0762491
-0.785061 0.0381245
-0.39253 2.01906
-1.19627 1.00953
0.401867 0.504766
1.20093 0.252383
1.60047 0.126191
-0.199767 0.0630957
-1.09988 0.0315478
0.450058 0.0157739
0.225029 2.00789
-0.887485 1.00394
0.556257 0.501972
0.278129 2.25099
1.13906 1.12549
-0.430468 0.562746
0.784766 0.281373
-0.607617 0.140687
-1.30381 0.0703433
-1.6519 0.0351717
-1.82595 0.0175858
-1.91298 0.00879291
0.043512 0.00439646
-0.978244 0.00219823
-0.489122 2.0011
-0.244561 3.00055
-0.122281 3.50027
-1.06114 1.75014
-0.53057 2.87507
-0.265285 3.43753
0.867357 1.71877
-0.566321 0.859384
-0.283161 2.42969
-1.14158 1.21485
0.42921 0.607423
0.214605 2.30371
1.1073 1.15186
0.553651 2.57593
0.276826 3.28796
-0.861587 1.64398
0.569206 0.821991
0.284603 2.411
0.142302 3.2055
-0.928849 1.60275
-0.464425 2.80137
-1.23221 1.40069
-1.61611 0.700344
-0.808053 2.35017
-1.40403 1.17509
-0.702013 2.58754
0.648993 1.29377
-0.675503 0.646886
-1.33775 0.323443
-0.668876 2.16172
-0.334438 3.08086
-1.16722 1.54043
0.416391 0.770215
1.2082 0.385108
-0.395902 0.192554
-1.19795 0.0962769
0.401024 0.0481384
-0.799488 0.0240692
0.600256 0.0120346
0.300128 2.00602
0.150064 3.00301
-0.924968 1.5015
-1.46248 0.750752
0.268758 0.375376
0.134379 2.18769
1.06719 1.09384
1.53359 0.546922
0.766797 2.27346
-0.616601 1.13673
0.691699 0.568365
0.34585 2.28418
0.172925 3.14209
0.0864624 3.57105
0.0432312 3.78552
-0.978384 1.89276
-0.489192 2.94638
-0.244596 3.47319
-0.122298 3.7366
-0.061149 3.8683
-1.03057 1.93415
-0.515287 2.96707
0.742356 1.48354
-0.628822 0.741769
-0.314411 2.37088
-1.15721 1.18544
0.421397 0.592721
0.210699 2.29636
0.105349 3.14818
0.0526747 3.57409
-0.973663 1.78705
-0.486831 2.89352
-1.24342 1.44676
-0.621708 2.72338
0.689146 1.36169
1.34457 0.680845
1.67229 0.340423
0.836143 2.17021
0.418072 3.08511
-0.790964 1.54255
-0.395482 2.77128
0.802259 1.38564
0.401129 2.69282
-0.799435 1.34641
-0.399718 2.6732
0.800141 1.3366
0.400071 2.6683
-0.799965 1.33415
0.600018 0.667075
0.300009 2.33354
0.150004 3.16677
0.0750022 3.58338
1.0375 1.79169
1.51875 0.895846
1.75938 0.447923
1.87969 0.223962
1.93984 0.111981
-0.0300781 0.0559904
-0.015039 2.028
-0.00751952 3.014
-1.00376 1.507
-1.50188 0.753499
-0.75094 2.37675
0.62453 1.18837
-0.687735 0.594187
-1.34387 0.297094
0.328066 0.148547
1.16403 0.0742734
0.582017 2.03714
0.291008 3.01857
1.1455 1.50928
0.572752 2.75464
1.28638 1.37732
1.64319 0.688661
-0.178406 0.34433
-0.089203 2.17217
-0.0446015 3.08608
-1.0223 1.54304
-1.51115 0.771521
0.244425 0.38576
0.122212 2.19288
-0.938894 1.09644
-1.46945 0.54822
0.265277 0.27411
0.132638 2.13706
0.0663191 3.06853
0.0331596 3.53426
1.01658 1.76713
-0.49171 0.883566
-1.24586 0.441783
-1.62293 0.220891
-1.81146 0.110446
0.0942681 0.0552229
-0.952866 0.0276114
-0.476433 2.01381
-1.23822 1.0069
-1.61911 0.503451
-0.809554 2.25173
-0.404777 3.12586
0.797611 1.56293
0.398806 2.78147
0.199403 3.39073
-0.900299 1.69537
-1.45015 0.847683
-0.725075 2.42384
-0.362537 3.21192
0.818731 1.60596
1.40937 0.80298
1.70468 0.40149
1.85234 0.200745
1.92617 0.100373
-0.0369146 0.0501863
0.981543 0.0250931
1.49077 0.0125466
-0.254614 0.00627328
-1.12731 0.00313664
-1.56365 0.00156832
-0.781827 2.00078
0.609087 1.00039
0.304543 2.5002
-0.847728 1.2501
-1.42386 0.625049
0.288068 0.312525
1.14403 0.156262
0.572017 2.07813
1.28601 1.03907
1.643 0.519533
0.821502 2.25977
-0.589249 1.12988
-0.294624 2.56494
0.852688 1.28247
1.42634 0.641235
1.71317 0.320618
0.856586 2.16031
1.42829 1.08015
1.71415 0.540077
-0.142927 0.270039
-1.07146 0.135019
-1.53573 0.0675097
0.232134 0.0337548
-0.883933 0.0168774
-0.441966 2.00844
-1.22098 1.00422
-1.61049 0.50211
0.194754 0.251055
1.09738 0.125527
-0.451311 0.0627637
0.774344 0.0313819
-0.612828 0.0156909
0.693586 0.00784546
0.346793 2.00392
0.173397 3.00196
0.0866983 3.50098
0.0433491 3.75049
0.0216746 3.87525
0.0108373 3.93762
0.00541864 3.96881
0.00270932 3.98441
-0.998645 1.9922
-0.499323 2.9961
0.750339 1.49805
1.37517 0.749025
0.687585 2.37451
1.34379 1.18726
-0.328104 0.593628
-0.164052 2.29681
-0.082026 3.14841
-0.041013 3.5742
0.979494 1.7871
1.48975 0.893551
1.74487 0.446775
1.87244 0.223388
1.93622 0.111694
-0.0318908 0.0558469
-0.0159454 2.02792
0.992027 1.01396
-0.503986 0.506981
-0.251993 2.25349
0.874003 1.12675
0.437002 2.56337
1.2185 1.28169
0.60925 2.64084
-0.695375 1.32042
-0.347687 2.66021
-1.17384 1.33011
-0.586922 2.66505
-1.29346 1.33253
-0.64673 2.66626
-1.32337 1.33313
-0.661683 2.66657
0.669159 1.33328
-0.665421 0.666641
-0.33271 2.33332
0.833645 1.16666
-0.583178 0.58333
-0.291589 2.29167
0.854206 1.14583
-0.572897 0.572916
0.713551 0.286458
-0.643224 0.143229
-1.32161 0.0716145
-1.66081 0.0358073
0.169597 0.0179036
0.0847985 2.00895
0.0423992 3.00448
1.0212 1.50224
0.5106 2.75112
0.2553 3.37556
1.12765 1.68778
0.563825 2.84389
-0.718088 1.42194
-1.35904 0.710972
-1.67952 0.355486
-1.83976 0.177743
-1.91988 0.0888716
0.0400598 0.0444358
-0.97997 0.0222179
0.510015 0.0111089
-0.744993 0.00555447
-1.3725 0.00277724
0.313752 0.00138862
0.156876 2.00069
0.078438 3.00035
0.039219 3.50017
1.01961 1.75009
0.509805 2.87504
-0.745098 1.43752
0.627451 0.718761
1.31373 0.35938
0.656863 2.17969
0.328431 3.08985
0.164216 3.54492
1.08211 1.77246
0.541054 2.88623
1.27053 1.44312
0.635263 2.72156
0.317632 3.36078
1.15882 1.68039
0.579408 2.84019
0.289704 3.4201
-0.855148 1.71005
0.572426 0.855024
-0.713787 0.427512
-0.356894 2.21376
-0.178447 3.10688
-1.08922 1.55344
-1.54461 0.77672
-1.77231 0.38836
