1.6556
1.79521
1.96182
2.16396
2.41416
128.528
3.14746
3.71524
4.53629
5.82769
8.15385
13.5843
40.7447
40.7447
13.5843
8.15385
5.82769
4.53629
3.71524
3.14746
2.73165
2.41416
2.16396
1.96182
1.79521
1.6556
1.53699
1.43506
1.34656
1.26906
1.20068
1.13995
1.08569
1.03695
0.992973
0.953126
0.916884
0.883811
0.853537
0.825749
0.80018
0.776601
0.754813
0.734645
0.715946
0.698587
0.68245
0.667435
0.653452
0.64042
0.628269
0.616936
0.606362
0.596499
0.587299
0.578722
0.570731
0.563292
0.556375
0.549953
0.544002
0.538499
0.533425
0.528761
0.524491
0.5206
0.517076
0.513906
0.511082
0.508592
0.506431
0.50459
0.503065
0.501851
0.500943
0.500339
0.500038
0.500038
0.500339
0.500943
0.501851
0.503065
0.50459
0.506431
0.508592
0.511082
0.513906
0.517076
0.5206
0.524491
0.528761
0.533425
0.538499
0.544002
0.549953
0.556375
0.563292
0.570731
0.578722
0.587299
0.596499
0.606362
0.616936
0.628269
0.64042
0.653452
0.667435
0.68245
0.698587
0.715946
0.734645
0.754813
0.776601
0.80018
0.825749
0.853537
0.883811
0.916884
0.953126
0.992973
1.03695
1.08569
1.13995
1.20068
1.26906
1.34656
1.43506
1.53699
